499 0
2578 1
8631 1
2444 2
7187 2
194 2
9359 2
9385 3
2520 3
4335 3
1550 3
2595 3
9083 3
2403 3
3315 3
1407 4
6883 4
7415 4
9471 4
9379 4
1672 4
5286 4
7752 4
7582 4
6021 4
5858 4
8252 4
4180 4
7249 4
1689 4
3527 4
2548 5
9998 5
5880 5
4342 5
1800 5
7607 5
411 5
2171 5
376 5
1570 5
6676 5
4660 5
6813 5
5962 5
3291 5
281 5
4268 5
4225 5
8656 5
3032 5
7606 5
9726 5
9685 5
6520 5
1114 5
5586 5
6398 5
3001 5
32 5
3155 5
6814 5
6339 5
5224 6
3790 6
2443 6
6215 6
4355 6
6748 6
6600 6
9492 6
822 6
52 6
6415 6
321 6
892 6
81 6
6012 6
3049 6
7651 6
205 6
9879 6
8610 6
7790 6
883 6
3557 6
2988 6
3253 6
2600 6
5698 6
389 6
5575 6
9341 6
3969 6
151 6
4866 6
3359 6
3511 6
5242 6
6647 6
4908 6
7854 6
7157 6
7122 6
4667 6
8309 6
1761 6
3726 6
850 6
9396 6
314 6
8330 6
2629 6
7181 6
806 6
5081 6
5005 6
6796 6
9128 6
2564 6
5428 6
8369 6
7174 6
7130 6
9462 6
4307 6
3682 6
5876 7
6559 7
9117 7
5050 7
8372 7
9651 7
3107 7
8150 7
2529 7
8565 7
2527 7
1934 7
1684 7
7147 7
7159 7
8475 7
2942 7
7182 7
3187 7
4504 7
2228 7
4808 7
8873 7
6578 7
5046 7
2289 7
5284 7
5701 7
1010 7
3733 7
4545 7
138 7
570 7
6929 7
5890 7
9245 7
199 7
5887 7
2232 7
80 7
7941 7
270 7
3379 7
6755 7
8990 7
8249 7
7650 7
9327 7
2880 7
4709 7
3106 7
6341 7
6083 7
8626 7
4469 7
233 7
1696 7
5282 7
7405 7
4487 7
9106 7
3836 7
1634 7
1825 7
414 7
7459 7
8073 7
3104 7
6550 7
2670 7
1496 7
5497 7
1132 7
5731 7
4734 7
2674 7
6092 7
3167 7
6952 7
902 7
2199 7
5755 7
6734 7
1623 7
2916 7
6874 7
7993 7
9416 7
7330 7
7889 7
3302 7
4211 7
4428 7
705 7
8676 7
1001 7
1799 7
4006 7
8231 7
7128 7
6943 7
8573 7
391 7
416 7
8038 7
2948 7
6061 7
9496 7
329 7
2935 7
897 7
3469 7
2509 7
7119 7
4033 7
7537 7
103 7
6032 7
1212 7
2790 7
4384 7
1626 7
9454 7
4228 7
936 7
1833 7
2601 7
4783 7
2375 8
3716 8
6288 8
2787 8
1842 8
7360 8
400 8
4926 8
1398 8
4631 8
8383 8
2331 8
9849 8
2784 8
4068 8
989 8
6525 8
6695 8
5303 8
622 8
5160 8
9883 8
4270 8
8377 8
480 8
2681 8
6887 8
8184 8
5354 8
5351 8
8741 8
7559 8
7661 8
1344 8
4517 8
2361 8
1491 8
1525 8
4693 8
5196 8
998 8
1654 8
9520 8
8222 8
1776 8
8380 8
961 8
2103 8
8218 8
6856 8
2202 8
2814 8
8625 8
4797 8
2523 8
1292 8
6867 8
8129 8
5007 8
1778 8
7743 8
7261 8
9844 8
8801 8
6803 8
9451 8
7904 8
5438 8
2798 8
8933 8
2105 8
1977 8
2697 8
7740 8
2128 8
1035 8
8457 8
2478 8
8470 8
2542 8
772 8
4827 8
1174 8
1380 8
8041 8
6567 8
8812 8
9569 8
6145 8
330 8
1161 8
6492 8
2413 8
5818 8
3818 8
3110 8
7322 8
5200 8
3981 8
3087 8
9646 8
6394 8
703 8
7173 8
8126 8
7953 8
676 8
2474 8
3479 8
2132 8
9308 8
3494 8
8770 8
4939 8
8785 8
6382 8
5664 8
8839 8
550 8
1516 8
5801 8
6526 8
6431 8
3695 8
1172 8
2651 8
1949 8
1406 8
4689 8
995 8
4735 8
4139 8
1811 8
7055 8
9824 8
3059 8
7501 8
4825 8
4817 8
1922 8
3636 8
4177 8
2958 8
8853 8
460 8
6885 8
2044 8
4274 8
5596 8
1740 8
9415 8
4112 8
6930 8
4357 8
4673 8
6529 8
7734 8
3850 8
6249 8
2321 8
4285 8
5759 8
2329 8
8340 8
4100 8
6316 8
5356 8
3211 8
5423 8
1807 8
5857 8
6522 8
6147 8
155 8
8237 8
9943 8
6589 8
1738 8
7233 8
8363 8
5225 8
3627 8
482 8
9497 8
5229 8
160 8
8696 8
3473 8
7046 8
744 8
2855 8
4034 8
2975 8
1944 8
5305 8
9280 8
3523 8
9398 8
9429 8
9538 8
657 8
6221 8
7583 8
5074 8
4378 8
9363 8
3858 8
9915 8
2845 8
9272 8
5891 8
2788 8
4795 8
2190 8
624 8
278 8
8539 8
997 8
9076 8
589 8
5827 8
6921 8
2091 8
2682 8
9525 8
1403 8
2313 8
394 8
9546 8
4668 8
4819 8
2559 8
9133 8
8395 8
8906 8
4341 8
5937 8
9160 8
5129 8
8791 8
9178 8
5892 8
1754 8
2826 8
4582 8
9853 8
3821 8
5922 8
8460 8
2640 8
429 8
5477 8
7220 8
6128 8
6729 8
7109 8
6935 9
176 9
729 9
5132 9
9634 9
9614 9
9430 9
7129 9
1360 9
8947 9
1971 9
5995 9
5322 9
3401 9
728 9
2430 9
8156 9
6143 9
2543 9
6105 9
6677 9
0 9
4004 9
7211 9
1266 9
6557 9
8932 9
6998 9
9000 9
3273 9
5265 9
1927 9
4181 9
7310 9
5370 9
5043 9
5406 9
7531 9
5189 9
4289 9
7226 9
3573 9
5205 9
7248 9
8491 9
4613 9
1852 9
2870 9
4771 9
6858 9
3462 9
5491 9
8416 9
5966 9
1047 9
9800 9
2696 9
8387 9
3792 9
9500 9
6389 9
2154 9
1985 9
8767 9
2152 9
9959 9
1632 9
5599 9
360 9
3964 9
8905 9
9986 9
7076 9
8575 9
5054 9
3024 9
981 9
724 9
8415 9
5173 9
2258 9
6025 9
1150 9
9374 9
1690 9
4994 9
484 9
1088 9
96 9
4061 9
6451 9
347 9
7969 9
2180 9
5024 9
1878 9
7966 9
7499 9
3196 9
4131 9
1676 9
9675 9
5289 9
8948 9
423 9
4902 9
6627 9
2961 9
1375 9
6344 9
8042 9
9261 9
8912 9
7774 9
1497 9
9362 9
781 9
7965 9
1530 9
4888 9
8311 9
8807 9
2522 9
7379 9
7435 9
6791 9
2174 9
2139 9
5623 9
5031 9
6121 9
5111 9
8654 9
2995 9
4868 9
3778 9
7239 9
6203 9
4062 9
1613 9
5749 9
9881 9
7739 9
7204 9
3984 9
3224 9
617 9
156 9
3440 9
3013 9
1147 9
8081 9
9636 9
2598 9
7974 9
7003 9
4188 9
8556 9
4095 9
359 9
4974 9
4933 9
4644 9
7746 9
2687 9
7621 9
3443 9
4282 9
9164 9
9121 9
907 9
6206 9
286 9
5987 9
761 9
3226 9
3232 9
8878 9
2255 9
2160 9
4241 9
9139 9
7227 9
4007 9
9941 9
4806 9
97 9
2087 9
9466 9
6320 9
9059 9
3370 9
2993 9
1394 9
4581 9
8590 9
6284 9
287 9
9830 9
6430 9
9973 9
7464 9
7406 9
3555 9
4682 9
1983 9
9166 9
6414 9
9933 9
2213 9
2121 9
2438 9
3614 9
9911 9
6472 9
4562 9
7760 9
8527 9
8379 9
9200 9
827 9
2890 9
8418 9
474 9
3867 9
6359 9
9274 9
6654 9
1288 9
4502 9
4323 9
8725 9
9749 9
521 9
4060 9
1753 9
2998 9
3963 9
7124 9
6161 9
2765 9
8182 9
1615 9
3520 9
749 9
8653 9
2673 9
8313 9
7502 9
8700 9
1061 9
3020 9
8105 9
9589 9
2749 9
4614 9
9663 9
254 9
9217 9
9189 9
4343 9
6802 9
9738 9
8886 9
24 9
4320 9
1839 9
457 9
177 9
2276 9
3775 9
9613 9
4 9
5222 9
2744 9
7973 9
7792 9
5015 9
9577 9
6934 9
9208 9
2080 9
2041 9
4372 9
7352 9
4594 9
6915 9
9035 9
3360 9
7960 9
3989 9
3666 9
6301 9
2555 9
5164 9
9337 9
2404 9
3624 9
4127 9
8826 9
5179 9
1860 9
227 9
472 9
3217 9
6434 9
5908 9
4356 9
9979 9
4800 9
2405 9
1505 9
6944 9
2764 9
574 9
2477 9
6074 9
3789 9
53 9
9146 9
6575 9
5358 9
899 9
2363 9
754 9
1718 9
8689 9
401 9
2500 9
9604 9
5975 9
8057 9
652 9
8531 9
10000 9
4849 9
6196 9
8092 9
3842 9
4200 9
2946 9
6920 9
6501 9
8010 9
9642 9
273 9
1055 9
4501 9
1176 9
5376 9
1310 9
1133 9
1434 9
3404 9
4937 9
304 9
9857 9
7534 9
4684 9
7059 9
1435 9
6798 9
3102 9
697 9
7165 9
536 9
7138 9
6938 9
9202 9
4598 9
966 9
5256 9
8422 9
630 9
7647 9
4124 9
2120 9
1006 9
7846 9
3788 9
4044 9
4719 9
8443 9
4096 9
3770 9
4398 9
8701 9
8917 9
3569 9
95 9
3722 9
9448 9
8035 9
6146 9
1121 9
3587 9
3493 9
4970 9
4421 9
8841 9
1363 9
8520 9
2558 9
1968 9
5678 9
4253 9
9909 9
356 9
5236 9
1093 9
9064 9
4129 9
7918 9
3056 9
6179 9
7585 9
3504 9
8848 9
9449 9
3228 9
934 9
8103 9
2878 9
9502 9
2596 9
1199 9
8288 9
435 9
3414 9
5800 9
1283 9
8357 9
9564 9
7612 9
5808 9
8568 9
6605 9
9389 9
8298 9
6937 9
7306 9
305 9
3705 9
8020 9
1409 9
5765 9
5341 9
1411 9
4077 9
801 9
8558 9
5604 9
5872 9
4584 9
5828 9
546 9
214 9
1307 9
6467 9
3274 9
2161 9
8373 9
3771 9
3703 9
9676 9
6486 9
3136 9
1159 9
3638 9
1074 9
5095 9
335 9
819 9
5842 9
9745 9
357 9
5338 9
5927 9
8945 9
4383 9
3723 9
2188 9
486 9
1145 9
1238 9
140 9
7196 9
9296 9
208 9
9115 9
9292 9
2656 9
5176 9
3873 9
4334 9
2484 9
9039 9
7689 9
2891 9
7266 9
7917 9
650 9
9364 9
7753 9
9809 9
5538 9
4187 9
465 9
6312 9
8655 9
6222 9
1107 9
111 10
947 10
9770 10
4930 10
5793 10
1262 10
1013 10
1543 10
7258 10
6808 10
2156 10
3188 10
6962 10
487 10
9277 10
7105 10
8278 10
8747 10
9472 10
150 10
5495 10
7565 10
2006 10
6082 10
2782 10
2580 10
9895 10
4451 10
7769 10
9558 10
9762 10
5402 10
8752 10
7162 10
9892 10
1289 10
2582 10
2102 10
9880 10
3721 10
433 10
9820 10
2621 10
8292 10
8388 10
4385 10
4641 10
8595 10
3700 10
671 10
6009 10
7474 10
8116 10
6827 10
963 10
6893 10
2915 10
8452 10
1861 10
5191 10
4346 10
260 10
5154 10
4694 10
8662 10
5469 10
1158 10
707 10
9176 10
316 10
9532 10
9431 10
4430 10
8351 10
7032 10
3715 10
3542 10
6894 10
8193 10
512 10
4316 10
6332 10
1383 10
643 10
9075 10
1989 10
8385 10
134 10
5231 10
6954 10
3995 10
373 10
36 10
2482 10
6606 10
8339 10
6832 10
1677 10
4478 10
2465 10
1577 10
9338 10
7142 10
4042 10
9873 10
704 10
4449 10
2622 10
2081 10
9404 10
8286 10
3928 10
5924 10
9781 10
8993 10
712 10
4315 10
9144 10
8410 10
9419 10
2561 10
879 10
3483 10
2425 10
4401 10
6331 10
6172 10
7163 10
219 10
4885 10
722 10
4811 10
5123 10
7545 10
8639 10
6572 10
1030 10
9836 10
2272 10
2093 10
6058 10
8174 10
1879 10
2303 10
5578 10
3980 10
5066 10
3384 10
1036 10
6369 10
1321 10
9062 10
3751 10
1351 10
5766 10
4099 10
5507 10
5693 10
8603 10
8384 10
6237 10
1935 10
7448 10
183 10
766 10
1792 10
7529 10
68 10
6091 10
72 10
2047 10
8480 10
6219 10
9852 10
5883 10
3710 10
3125 10
7334 10
945 10
4318 10
7660 10
6155 10
677 10
701 10
8699 10
8902 10
8582 10
9556 10
605 10
6996 10
7642 10
9967 10
7876 10
3476 10
257 10
4606 10
5429 10
1791 10
9703 10
4950 10
5952 10
5009 10
6833 10
3729 10
200 10
3250 10
5999 10
3069 10
8777 10
3349 10
6628 10
7809 10
1370 10
2858 10
5106 10
633 10
1404 10
2055 10
7025 10
9598 10
9145 10
6183 10
6171 10
2983 10
5192 10
9765 10
693 10
1747 10
5896 10
843 10
9592 10
513 10
9826 10
8120 10
3648 10
673 10
569 10
8572 10
1299 10
7532 10
3810 10
2301 10
9681 10
4440 10
5315 10
930 10
2335 10
3517 10
6624 10
1303 10
5522 10
810 10
2356 10
5991 10
1589 10
2090 10
2718 10
8726 10
2922 10
6205 10
5044 10
4123 10
1192 10
6101 10
1650 10
8233 10
6667 10
5865 10
6901 10
613 10
9103 10
5696 10
4116 10
5109 10
9680 10
9773 10
917 10
5193 10
74 10
5549 10
5944 10
5013 10
2945 10
8596 10
4519 10
4080 10
5882 10
9347 10
3279 10
6376 10
2837 10
5516 10
6269 10
7057 10
5746 10
4726 10
862 10
9865 10
3303 10
742 10
6048 10
6156 10
7725 10
7655 10
4395 10
9925 10
7646 10
8855 10
4059 10
308 10
3689 10
2642 10
4492 10
5676 10
5040 10
7080 10
5008 10
5124 10
2615 10
7087 10
8259 10
2700 10
3838 10
2992 10
2937 10
6466 10
7815 10
2633 10
9227 10
1476 10
2818 10
2536 10
4498 10
9945 10
4024 10
4162 10
6085 10
5330 10
5912 10
1225 10
2996 10
3674 10
9167 10
1666 10
3222 10
4418 10
603 10
9170 10
19 10
4021 10
4470 10
3805 10
236 10
607 10
6616 10
8417 10
524 10
3159 10
3632 10
6127 10
1705 10
3791 10
2902 10
2358 10
1767 10
9782 10
6852 10
6351 10
3741 10
7026 10
7830 10
1760 10
3316 10
8553 10
4696 10
8431 10
6872 10
7256 10
3977 10
8308 10
439 10
6173 10
903 10
1607 10
2350 10
9818 10
6912 10
6908 10
3450 10
5377 10
9617 10
7992 10
7488 10
8296 10
1808 10
5108 10
4940 10
1888 10
2620 10
9285 10
8374 10
9885 10
1945 10
6968 10
3560 10
1358 10
4715 10
7093 10
8215 10
7282 10
7983 10
6326 10
7662 10
6794 10
9684 10
7150 10
9038 10
5051 10
836 10
6327 10
4445 10
5720 10
4322 10
7926 10
2648 10
8436 10
5745 10
9159 10
157 10
1065 10
5837 10
8454 10
2729 10
7996 10
1211 10
3190 10
5405 10
4597 10
2293 10
698 10
3976 10
39 10
7001 10
7783 10
302 10
3702 10
2831 10
7395 10
1208 10
6756 10
982 10
8585 10
1151 10
462 10
6789 10
4414 10
5369 10
9279 10
7504 10
4650 10
7681 10
1918 10
4191 10
4579 10
5792 10
6027 10
7726 10
3686 10
8003 10
1042 10
6242 10
3339 10
5078 10
5984 10
7030 10
5312 10
1059 10
1568 10
127 10
4292 10
629 10
9310 10
8633 10
2693 10
2215 10
367 10
8598 10
715 10
9648 10
1050 10
851 10
9981 10
3628 10
3927 10
609 10
8765 10
4413 10
9340 10
3205 10
3804 10
4692 10
2822 10
8 10
5268 10
6870 10
967 10
9856 10
8612 10
5096 10
8479 10
7264 10
7910 10
975 10
2490 10
7536 10
7293 10
6919 10
5866 10
6395 10
456 10
6684 10
9032 10
2194 10
5605 10
8995 10
3595 10
1896 10
3760 10
471 10
9687 10
315 10
152 10
4746 10
8605 10
9335 10
1872 10
7294 10
2568 10
6692 10
1510 10
2506 10
560 10
3050 10
8976 10
2812 10
5634 10
3622 10
685 10
3356 10
5475 10
835 10
1783 10
5589 10
425 10
1473 10
1741 10
4182 10
8549 10
3609 10
4956 10
3680 10
5018 10
3883 10
828 10
718 10
4106 10
2344 10
6956 10
1710 10
1295 10
6015 10
7931 10
563 10
6231 10
7347 10
9291 10
9237 10
7471 10
8857 10
4160 10
266 10
2859 10
3365 10
9165 10
5948 10
7962 10
1814 10
5571 10
1057 10
3835 10
5971 10
4489 10
8135 10
4675 10
9664 10
9325 10
8074 10
4485 10
8178 10
4685 10
5297 10
6022 10
9988 10
9213 10
1845 10
1377 10
8194 10
8579 10
3189 10
7971 10
2330 10
1137 10
4262 10
5368 10
2848 10
3238 10
59 10
6975 10
6080 10
9493 10
7596 10
3405 10
88 10
8850 10
5807 10
8871 10
929 10
8952 10
9094 10
3413 10
1742 10
2065 10
3851 10
8992 10
757 10
4601 10
8739 10
1078 10
3589 10
7195 10
795 10
9572 10
3436 10
5646 10
5752 10
7617 10
4466 10
6019 10
5933 10
7197 10
7094 10
8958 10
9753 10
5815 10
7486 10
3625 10
9331 10
6424 10
8727 10
4284 10
2841 10
9328 10
5484 10
274 10
3801 10
9723 10
7453 10
8196 10
638 10
7814 10
5001 10
3561 10
2498 10
9257 10
1312 10
5276 10
9541 10
3534 10
8713 10
4753 10
3754 10
600 10
3169 10
4331 10
1373 10
6456 10
7393 10
7907 10
3489 10
1829 10
2369 10
1426 10
3126 10
8811 10
1429 10
6940 10
135 10
1290 10
1959 10
2455 10
3678 10
2386 10
2379 10
5554 10
1930 10
725 10
6742 10
3803 10
2774 10
8348 10
8389 10
4521 10
6953 10
2309 10
1080 10
1009 10
4638 10
5886 10
1405 10
6574 10
8344 10
8996 10
3237 10
1669 10
1052 10
4109 10
5116 10
4842 10
3522 10
1294 10
6375 10
6291 10
2475 10
5417 10
1256 10
9547 10
369 10
8890 10
7598 10
2420 10
6037 10
3492 10
5552 10
6637 10
808 10
6297 10
614 10
2524 10
8146 10
6346 10
2457 10
3699 10
8434 10
9233 10
3647 10
6881 10
7710 10
2517 10
1110 10
618 10
7905 10
9838 10
5385 10
5593 10
5528 10
4126 10
6347 10
280 10
5494 10
5339 10
7616 10
2720 10
9937 10
6017 10
1186 10
9701 10
4921 10
4332 10
1204 10
3040 10
7418 10
9562 10
4217 10
7605 10
5321 10
2649 10
2447 10
1323 10
6515 10
128 10
5540 10
1824 10
6373 10
9927 10
8658 10
4128 10
6211 10
7102 10
2365 10
846 10
8792 10
9728 10
3537 10
1201 10
2739 10
7423 10
8261 10
3193 10
1998 10
2990 10
2312 10
5030 10
510 10
5247 10
889 10
7064 10
6228 10
4572 10
4156 10
586 10
6065 10
675 10
1019 10
9530 10
4949 10
9622 10
4712 10
9875 10
1630 10
8620 10
463 10
3235 10
2466 10
9061 10
4399 10
1514 10
3916 10
3902 10
2537 10
7551 10
35 10
6407 10
1198 10
4635 10
3269 10
8738 10
9759 10
4057 10
1104 10
6392 10
3704 10
4230 10
6271 10
9631 10
1841 10
3693 10
7143 10
336 10
9099 10
40 10
5781 10
5909 10
8796 10
6397 10
686 10
8532 10
8587 10
9581 10
2348 10
5847 10
2994 10
7785 10
31 10
8804 10
4001 10
5802 10
7622 10
2879 10
7708 10
6100 10
3951 10
9034 10
3781 10
5506 10
1322 10
1189 10
9114 10
3172 10
3023 10
6363 10
9148 10
2686 10
277 10
9307 10
7083 10
294 10
1809 10
616 10
410 10
2575 10
8929 10
5158 10
8783 10
8499 10
8504 10
538 10
1487 10
3677 10
2089 10
2833 10
8882 10
102 10
13 10
7688 10
2815 10
159 10
6023 10
5645 10
4173 10
3762 10
7703 10
3610 10
5449 10
1387 10
6262 10
1709 10
669 10
5299 10
4277 10
2473 10
9025 10
5278 10
3298 10
2980 10
923 10
7108 10
5695 10
9405 10
3242 10
6995 10
2479 10
8566 10
1507 10
9230 10
6018 10
5020 10
4088 10
4294 10
6519 10
2165 10
4640 10
5089 10
2856 10
4789 10
7213 10
4220 10
3996 10
7533 10
8956 10
4389 10
2435 10
4765 10
8998 10
9468 10
3711 10
5156 10
5663 10
4122 10
6981 10
8048 10
8972 10
5870 10
2723 10
3363 10
7903 10
1461 10
4020 10
7391 10
55 10
7050 10
7443 10
133 10
9518 10
8110 10
2483 10
9174 10
1066 10
6169 10
5457 10
4073 10
2109 10
5272 10
4550 10
1715 10
3642 10
3887 10
9214 10
26 10
4632 10
6540 10
3823 10
8831 10
6747 10
8944 10
7757 10
5669 10
4438 10
9776 10
5055 10
6400 10
9633 10
1700 10
3549 10
4075 10
6917 10
6830 10
7735 10
1736 10
136 10
5567 10
2966 10
3779 10
2913 10
4879 10
4741 11
3468 11
185 11
2140 11
7704 11
7831 11
2654 11
2126 11
1146 11
8836 11
9194 11
3276 11
7053 11
3718 11
4052 11
2407 11
4727 11
1301 11
5651 11
9047 11
5601 11
4759 11
3066 11
7807 11
7863 11
2345 11
1739 11
4918 11
8424 11
6530 11
2448 11
9751 11
3251 11
7371 11
9373 11
1122 11
6428 11
2376 11
8778 11
890 11
2274 11
3684 11
4454 11
3882 11
8072 11
7682 11
339 11
5787 11
3394 11
977 11
3243 11
5796 11
9173 11
8147 11
5708 11
6114 11
5029 11
1796 11
5551 11
8013 11
4348 11
2252 11
3280 11
6471 11
743 11
289 11
1633 11
8516 11
535 11
5729 11
2724 11
8117 11
502 11
3446 11
8611 11
9366 11
2460 11
2459 11
3170 11
9029 11
4602 11
1576 11
4611 11
2539 11
6124 11
7250 11
2761 11
1217 11
9528 11
6116 11
3065 11
7424 11
3346 11
9387 11
2201 11
3661 11
6333 11
2040 11
5279 11
9671 11
922 11
4321 11
2462 11
1034 11
9946 11
639 11
8802 11
2554 11
8648 11
9798 11
467 11
1053 11
8295 11
4999 11
7732 11
8513 11
16 11
4539 11
3385 11
7512 11
8797 11
9311 11
1440 11
6007 11
6420 11
6918 11
5362 11
47 11
3906 11
1478 11
4984 11
9452 11
7444 11
6680 11
3397 11
9084 11
8584 11
8115 11
7645 11
6227 11
2854 11
5572 11
2616 11
3538 11
1664 11
290 11
1572 11
7290 11
7556 11
4144 11
2037 11
6750 11
6812 11
17 11
9980 11
5537 11
1744 11
4195 11
7036 11
1337 11
1862 11
1474 11
792 11
7659 11
5706 11
1991 11
8396 11
3433 11
3086 11
3301 11
1205 11
8240 11
8284 11
1092 11
2610 11
3955 11
8866 11
2683 11
8563 11
452 11
7479 11
9304 11
8208 11
3875 11
9563 11
7218 11
3576 11
7575 11
3281 11
3824 11
681 11
7482 11
6248 11
3411 11
5716 11
1771 11
3039 11
2884 11
7489 11
3135 11
7049 11
4973 11
7696 11
8981 11
7034 11
7183 11
9957 11
7562 11
5869 11
5888 11
3150 11
9127 11
8094 11
2372 11
2030 11
1464 11
6385 11
9667 11
6419 11
2754 11
7292 11
9151 11
7911 11
4058 11
7018 11
9130 11
2278 11
3213 11
7480 11
6319 11
1328 11
7438 11
1170 11
572 11
940 11
6236 11
3330 11
6884 11
4796 11
2910 11
1136 11
9869 11
7717 11
919 11
1427 11
1040 11
7320 11
9043 11
365 11
2547 11
3606 11
1849 11
4472 11
3742 11
3225 11
9938 11
6639 11
3854 11
1269 11
8756 11
9750 11
479 11
6770 11
5562 11
9531 11
9320 11
1831 11
1522 11
5426 11
4146 11
1428 11
9299 11
6984 11
7893 11
6460 11
8760 11
7701 11
9575 11
9891 11
1843 11
3127 11
164 11
8616 11
2903 11
9318 11
6959 11
2695 11
8827 11
8599 11
6622 11
3822 11
4464 11
7896 11
9078 11
4183 11
8471 11
8404 11
3129 11
8272 11
1737 11
8959 11
2186 11
3460 11
8064 11
2229 11
4535 11
6899 11
4388 11
1826 11
4452 11
9694 11
8712 11
3817 11
7867 11
1445 11
3809 11
2247 11
3681 11
491 11
440 11
1914 11
6447 11
2131 11
5712 11
5910 11
8548 11
6679 11
1489 11
1569 11
9356 11
8501 11
2368 11
3393 11
3502 11
9045 11
7300 11
1486 11
9017 11
2688 11
6158 11
1897 11
601 11
6517 11
8315 11
7284 11
6075 11
2775 11
9444 11
447 11
4145 11
363 11
1504 11
4278 11
4280 11
9524 11
1502 11
4507 11
935 11
3 11
7961 11
5964 11
180 11
2046 11
5447 11
7635 11
1091 11
711 11
1974 11
1126 11
1751 11
8546 11
4593 11
4386 11
1970 11
6200 11
8793 11
6745 11
3564 11
6707 11
1599 11
5639 11
8784 11
3812 11
8569 11
8968 11
8488 11
2185 11
2748 11
6066 11
2589 11
1340 11
7019 11
6097 11
8114 11
7315 11
7006 11
7419 11
3191 11
5840 11
8817 11
9714 11
5068 11
6785 11
4569 11
3820 11
6247 11
4971 11
9797 11
5270 11
5471 11
9932 11
7326 11
5073 11
2783 11
9893 11
8239 11
9975 11
6070 11
4536 11
1519 11
8180 11
6650 11
1329 11
8164 11
1242 11
6313 11
8456 11
5431 11
4664 11
1330 11
8053 11
3580 11
6635 11
395 11
1157 11
4467 11
8663 11
4209 11
8708 11
476 11
1777 11
7578 11
8731 11
1948 11
1869 11
859 11
4242 11
9890 11
5762 11
1112 11
2241 11
3378 11
6303 11
1574 11
2260 11
6611 11
6406 11
3547 11
849 11
548 11
8680 11
1249 11
7968 11
4627 11
755 11
5868 11
6776 11
2727 11
4730 11
598 11
41 11
745 11
8306 11
5084 11
2371 11
3071 11
1056 11
3386 11
9861 11
9360 11
2560 11
746 11
7216 11
6782 11
853 11
3277 11
8106 11
4510 11
8162 11
5395 11
2944 11
5125 11
2843 11
7100 11
2531 11
8733 11
9346 11
4910 11
6119 11
5737 11
6111 11
2491 11
2192 11
6726 11
7206 11
7663 11
3608 11
1421 11
3407 11
5791 11
6788 11
1973 11
4344 11
4993 11
6836 11
9300 11
1096 11
4000 11
5041 11
5396 11
2382 11
8723 11
4826 11
5452 11
148 11
163 11
7881 11
8229 11
7407 11
4027 11
1584 11
1014 11
509 11
6050 11
3091 11
7356 11
4747 11
9994 11
6957 11
5659 11
4565 11
3218 11
6588 11
1041 11
4646 11
9426 11
9253 11
2553 11
6031 11
9629 11
2032 11
8314 11
7862 11
6595 11
2050 11
8880 11
4577 11
9929 11
9756 11
8978 11
7614 11
958 11
7945 11
7658 11
7497 11
2385 11
3551 11
9053 11
7251 11
5383 11
1856 11
1975 11
4954 11
6160 11
3009 11
2861 11
1311 11
1894 11
1907 11
1870 11
6225 11
8402 11
7337 11
6708 11
6040 11
2753 11
6644 11
5444 11
7340 11
4686 11
7865 11
2680 11
1234 11
2717 11
7390 11
3946 11
2057 11
3753 11
4227 11
5017 11
2302 11
5138 11
2811 11
9065 11
28 11
8406 11
8818 11
6896 11
791 11
6356 11
5738 11
9829 11
7750 11
768 11
4909 11
9951 11
9469 11
3464 11
5072 11
5416 11
5274 11
4803 11
1101 11
2211 11
6801 11
5505 11
2652 11
7699 11
6524 11
2780 11
1798 11
6585 11
7270 11
6898 11
4533 11
1880 11
5114 11
4609 11
3655 11
1164 11
2265 11
6455 11
3728 11
3879 11
2415 11
6871 11
4298 11
8816 11
1027 11
2481 11
6038 11
7389 11
753 11
3521 11
145 11
7572 11
5953 11
1764 11
7700 11
8051 11
218 11
8926 11
7033 11
2176 11
4072 11
2819 11
9334 11
2315 11
7929 11
7298 11
4474 11
7188 11
4066 11
4799 11
8922 11
1163 11
2299 11
22 11
4912 11
4927 11
9107 11
1837 11
124 11
3937 11
9382 11
4802 11
4996 11
9169 11
7998 11
7509 11
8033 11
4238 11
1801 11
3076 11
9872 11
1260 11
222 11
5564 11
1661 11
6674 11
3938 11
9552 11
7666 11
1500 11
9276 11
8213 11
691 11
4229 11
587 11
5730 11
8276 11
2684 11
5770 11
2603 11
3577 11
4153 11
8118 11
6468 11
951 11
8425 11
7017 11
9693 11
8673 11
925 11
241 11
9501 11
7628 11
8776 11
7392 11
6826 11
7257 11
3659 11
262 11
861 11
2538 11
3864 11
1757 11
8969 11
3051 11
2058 11
5992 11
8525 11
1786 11
344 11
4770 11
8421 11
3005 11
6368 11
1309 11
4297 11
3540 11
5641 11
2016 11
232 11
8359 11
2472 11
3921 11
5679 11
4534 11
4700 11
3240 11
2117 11
5448 11
5329 11
3905 11
9102 11
3392 11
2249 11
7198 11
3338 11
8901 11
6994 11
3736 11
2391 11
1926 11
2203 11
4603 11
8502 11
3598 11
924 11
7609 11
4688 11
723 11
8075 11
8798 11
942 11
4815 11
4542 11
9834 11
2968 11
4169 11
610 11
8353 11
8980 11
4089 11
8967 11
2981 11
3236 11
9590 11
5420 11
7169 11
7186 11
4013 11
6354 11
8227 11
5003 11
3261 11
4189 11
6071 11
1908 11
6440 11
7072 11
4460 11
5032 11
5863 11
867 11
5177 11
7604 11
320 11
4835 11
5757 11
5591 11
1246 11
8888 11
3696 11
2563 11
8518 11
403 11
9939 11
215 11
1967 11
1224 11
1033 11
1551 11
7427 11
6607 11
1810 11
1029 11
6334 11
4377 11
8009 11
8621 11
2150 11
6752 11
8018 11
9119 11
9187 11
8246 11
7170 11
9239 11
4214 11
235 11
2712 11
868 11
7875 11
5071 11
6135 11
1028 11
6372 11
8800 11
9355 11
3134 11
6835 11
6904 11
1485 11
4881 11
3327 11
3497 11
5389 11
916 11
2033 11
5904 11
9026 11
1024 11
7425 11
9747 11
10 11
5595 11
2221 11
3439 11
9163 11
3244 11
2085 11
9508 11
2742 11
6507 11
7535 11
5519 11
5579 11
1817 11
1068 11
2847 11
5618 11
4812 11
4951 11
5371 11
4447 11
5884 11
7469 11
5687 11
8597 11
3340 11
8083 11
9266 11
9760 11
4198 11
4433 11
3319 11
2959 11
9678 11
6643 11
3438 11
9315 11
1327 11
1982 11
6822 11
170 11
2231 11
9358 11
9088 11
1763 11
1305 11
4958 11
6120 11
3526 11
4706 11
2355 11
8088 11
9784 11
2868 11
6292 11
3942 11
9543 11
6370 11
6970 11
7494 11
954 11
2627 11
1389 11
767 11
348 11
7997 11
174 11
7362 11
325 11
259 11
8606 11
6437 11
9269 11
2360 11
6473 11
8458 11
6329 11
5300 11
8622 11
2963 11
3179 11
5088 11
5560 11
2794 11
1511 11
408 11
87 11
6815 11
870 11
142 11
7747 11
8650 11
9475 11
6926 11
1542 11
6528 11
2002 11
5671 11
5843 11
980 11
6417 11
5461 11
9447 11
7943 11
4629 11
3182 11
9815 11
9534 11
2179 11
5433 11
3579 11
2716 11
7820 11
2593 11
7521 11
4718 11
6838 11
3073 11
4387 11
8243 11
3720 11
4596 11
3513 11
477 11
8302 11
4527 11
3233 11
6718 11
8043 11
4142 11
5747 11
3832 11
3018 11
6246 11
7693 11
5170 11
1079 11
5714 11
9240 11
9113 11
9746 11
3081 11
5694 11
220 11
4442 11
7333 11
4250 11
1937 11
2816 11
6877 11
6749 11
9093 11
8225 11
5590 11
2920 11
5258 11
8399 11
6797 11
8490 11
1846 11
9306 11
5011 11
3691 11
1775 11
5440 11
6314 11
1155 11
2098 11
8960 11
8856 11
3116 11
3234 11
6753 11
2997 11
9850 11
5208 11
7373 11
7255 11
3260 11
3132 11
3512 11
284 11
4143 11
6723 11
9301 11
4544 11
5486 11
7199 11
8080 11
5525 11
5509 11
5167 11
1512 11
8361 11
7068 11
5257 11
5769 11
9717 11
6268 11
5734 11
4138 11
60 11
9539 11
8006 11
7241 11
9916 11
5327 11
4676 11
225 11
7176 11
7492 11
7932 11
6850 11
8104 11
2692 11
7599 11
2195 11
115 11
3924 11
432 11
9369 11
1635 11
8230 11
8730 11
2251 11
7215 11
6239 11
7056 11
1928 11
2056 11
8999 11
4486 11
5410 11
8054 11
4216 11
3391 11
2486 11
4580 11
5894 11
7641 11
4402 11
1436 11
5142 11
1236 11
905 11
3109 11
5161 11
7185 11
2892 11
9012 11
7451 11
9111 11
5218 11
6056 11
8615 11
5277 11
4376 11
4776 11
2054 11
3377 11
8940 11
1931 11
4772 11
3860 11
7936 11
3895 11
3010 11
7602 11
5930 11
4071 11
5056 11
1640 11
3734 11
1575 11
5620 11
3204 11
3755 11
6252 11
5319 11
8486 11
436 11
6153 11
3604 11
5574 11
2024 11
9453 11
680 11
8461 11
4634 11
5826 11
8854 11
2467 11
4571 11
2755 11
7245 11
4333 11
9666 11
8671 11
3026 11
2311 11
2957 11
3254 11
4170 11
182 11
4046 11
6739 11
9051 11
9550 11
7078 11
5803 11
8111 11
8721 11
9435 11
7892 11
1200 11
6820 11
774 11
5798 11
3971 11
8280 11
1728 11
3215 11
1194 11
9030 11
5199 11
8091 11
2189 11
7117 11
813 11
8047 11
2771 11
1653 11
1750 11
9470 11
6880 11
7341 11
9990 11
8250 11
5333 11
5535 11
3472 11
8419 11
8732 11
9136 11
950 11
3166 11
595 11
85 11
5062 11
4054 11
65 11
7381 11
3463 11
4016 11
668 11
5468 11
3957 11
9665 11
1267 11
1240 11
5580 11
4600 11
6866 11
2394 11
9011 11
8609 11
6278 11
1048 11
8317 11
987 11
3399 11
322 11
3374 11
1178 11
3510 11
6463 11
7231 11
992 11
8071 11
3078 11
1106 11
9587 11
8447 11
9367 11
3859 11
8762 11
1467 11
9082 11
9401 11
7784 11
8279 11
5949 11
1965 11
2426 11
2224 11
2011 11
4350 11
714 11
6323 11
7037 11
2266 11
1221 11
2450 11
4094 11
6951 11
4491 11
8027 11
64 11
224 11
276 11
7748 11
3698 11
5723 11
511 11
8016 11
7277 11
5361 11
7273 11
6209 11
8814 11
1685 11
7976 11
3308 11
1148 11
1214 11
2518 11
8076 11
7593 11
3787 11
5061 11
9403 11
6562 11
8204 11
4155 11
7563 11
50 11
2390 11
8846 11
8898 11
7230 11
4867 11
8131 11
6626 11
9197 11
2217 11
1598 11
9054 11
8782 11
5079 11
7207 11
6318 11
4873 11
3868 11
4186 11
7724 11
6890 11
8918 11
6343 11
619 11
162 11
1518 11
7934 11
6810 11
2978 11
5850 11
7552 11
1919 11
3417 11
6521 11
9392 11
3185 11
6773 11
4279 11
4583 11
1716 11
8526 11
1723 11
6660 11
4725 11
1730 11
7156 11
5437 11
2111 11
6886 11
8627 11
6264 11
2664 11
5978 11
3979 11
5221 11
7092 11
6109 11
9371 11
4063 11
3012 11
2514 11
9718 11
7669 11
6435 11
9950 11
1180 11
9731 11
7386 11
2259 11
190 11
6118 11
6980 11
8355 11
5794 11
5700 11
9046 11
7503 11
2719 11
2586 11
4523 11
5981 11
7447 11
1952 11
5119 11
9437 11
7927 11
4651 11
4243 11
5703 11
933 11
495 11
5181 11
6793 11
9516 11
4787 11
4458 11
7203 11
8271 11
6683 11
6766 11
7738 11
9425 11
7237 11
3293 11
3466 11
2820 11
8872 11
8346 11
3415 11
5915 11
8925 11
2340 11
6876 11
2279 11
7332 11
9841 11
4701 11
7762 11
4920 11
8592 11
1727 11
1063 11
6615 11
6580 11
4832 11
8538 11
6556 11
9878 11
1415 11
2969 11
5680 11
9771 11
5038 11
7035 11
5584 11
6383 11
1210 11
2951 11
6583 11
5352 11
2018 11
9185 11
6185 11
4098 11
9376 11
3307 11
2187 11
3488 11
4133 11
7369 11
7673 11
4865 11
7799 11
615 11
4023 11
7697 11
7283 11
4925 11
8635 11
6152 11
3366 11
7800 11
1712 11
5594 11
4997 11
3292 11
9737 11
5098 11
9352 11
9866 11
2222 11
8256 11
8469 11
4251 11
4732 11
117 11
845 11
6189 11
98 11
3371 11
6659 11
1105 11
3617 11
1711 11
9411 11
8645 11
9605 11
7436 11
9972 11
5925 11
6665 11
6079 11
3112 11
5195 11
1631 11
9982 11
3654 11
3714 11
9260 11
5931 11
8617 11
3206 11
6489 11
1793 11
5343 11
8751 11
6855 11
2025 11
796 11
3603 11
3478 11
7463 11
1077 11
4897 11
7329 11
9465 11
5546 11
2704 11
9544 11
421 11
2639 11
9618 11
6453 11
6033 11
4483 11
7777 11
7020 11
9898 11
7886 11
3929 11
9803 11
4365 11
445 11
4522 11
6537 11
3900 11
5643 11
6454 11
451 11
6709 11
5851 11
6565 11
4548 11
2133 11
6340 11
4374 11
8763 11
737 11
6860 11
7759 11
6933 11
8769 11
6961 11
9256 11
588 11
311 11
6658 11
2535 11
3949 11
1382 11
4394 11
5699 11
5143 11
8409 11
9555 11
6696 11
4336 11
4025 11
9298 11
9044 11
4141 11
9545 11
5337 11
386 11
4480 11
7458 11
9902 11
3241 11
6226 11
7561 11
3719 11
4416 11
9576 11
9302 11
9312 11
4574 11
7518 11
7493 11
5648 11
6374 11
6840 11
1898 11
7626 11
9506 11
5357 11
9215 11
6960 11
1475 11
1341 11
3536 11
2042 11
946 11
2268 11
5328 11
2310 11
4977 11
4248 11
184 11
223 11
7988 11
8320 11
9537 11
1304 11
9249 11
3706 11
6 11
4409 11
4299 11
9283 11
6837 11
2699 11
4637 11
717 11
1883 11
7671 11
4995 11
9719 11
7384 11
8325 11
1592 11
2694 11
3750 11
6897 11
2567 11
4074 11
9540 11
8347 11
5087 11
9079 11
4338 11
49 11
2545 11
6255 11
5814 11
8843 11
4150 11
1858 11
8787 11
1552 11
5380 11
7765 11
8108 11
9628 11
778 11
2630 11
4310 11
7861 11
5093 11
4396 11
1143 11
7816 11
865 11
7189 11
632 11
5986 11
5070 11
8063 11
3811 11
1111 11
1993 11
651 11
1067 11
7409 11
3422 11
647 11
5215 11
2227 11
1226 11
2714 11
4375 11
6582 11
5350 11
8273 11
4987 11
1854 11
2857 11
583 11
2296 11
3662 11
4841 11
9345 11
5115 11
4064 11
2625 11
1477 11
2220 11
2886 11
8025 11
8021 11
4739 11
7232 11
1207 11
1701 11
1588 11
5916 11
1443 11
3889 11
2062 11
8219 11
7506 11
527 11
848 11
8691 11
7024 11
1393 11
4381 11
6129 11
327 11
9019 11
8107 11
4604 11
7154 11
4092 11
1128 11
9211 11
3153 11
7434 11
4273 11
3305 11
3605 11
4875 11
2632 11
6102 11
5336 11
7133 11
939 11
4017 11
3406 11
4679 11
9888 11
5628 11
5775 11
3361 11
620 11
7543 11
3758 11
7350 11
8891 11
6577 11
3623 11
7107 11
5774 11
3458 11
6416 11
788 11
6281 11
7558 11
7374 11
7891 11
5681 11
4944 11
1129 11
9016 11
9965 11
7584 11
852 11
272 11
9724 11
5998 11
7279 11
6597 11
9023 11
8601 11
3616 11
6786 11
7877 11
8559 11
8681 11
9072 11
2709 11
3309 11
594 11
9833 11
8046 11
9594 11
3503 11
4311 11
6002 11
8026 11
7589 11
3354 11
6381 11
2240 11
3950 11
7496 11
6689 11
165 11
4051 11
4349 11
8437 11
9483 11
3246 11
912 11
6633 11
9109 11
1873 11
9351 11
4847 11
8466 11
243 11
9477 11
4040 11
7139 11
6846 11
3841 11
9143 11
406 11
1442 11
3186 11
3175 11
1280 11
7737 11
6502 11
2594 11
5607 11
5211 11
9722 11
5907 11
7868 11
7940 11
7104 11
6759 11
7428 11
7706 11
6263 11
5629 11
4260 11
3072 11
5656 11
2823 11
1648 11
4090 11
5036 11
5174 11
7634 11
6106 11
4623 11
146 11
1558 11
6939 11
5561 11
6117 11
2950 11
4778 11
8757 11
9361 11
2873 11
6277 11
2353 11
4529 11
1819 11
8420 11
2677 11
1364 11
9923 11
7577 11
3784 11
7288 11
8187 11
3600 11
3552 11
8125 11
6561 11
9802 11
2367 11
1618 11
6115 11
4899 11
8578 11
687 11
6969 11
7685 11
7879 11
2644 11
6213 11
4828 11
1254 11
2067 11
5848 11
1581 11
927 11
4869 11
8966 11
5443 11
7610 11
2191 11
9316 11
2253 11
8242 11
390 11
7394 11
2747 11
1098 11
6214 11
9582 11
9081 11
562 11
2141 11
2322 11
1602 11
1695 11
5456 11
1396 11
2869 11
7764 11
9254 11
5367 11
4752 11
94 11
8214 11
5492 11
3945 11
7829 11
8849 11
5110 11
4461 11
6024 11
3271 11
298 11
5758 11
7915 11
4293 11
2685 11
5353 11
4514 11
5244 11
8360 11
8299 11
8534 11
9134 11
6642 11
803 11
4137 11
921 11
8895 11
7530 11
7730 11
4359 11
6656 11
9689 11
1521 11
4882 11
2035 11
5874 11
2373 11
5893 11
9949 11
4121 11
6186 11
5748 11
3570 11
8349 11
516 11
6512 11
312 11
5130 11
2439 11
8352 11
7980 11
7148 11
4966 11
9672 11
4190 11
5399 11
6077 11
8157 11
855 11
8711 11
6547 11
8127 11
3133 11
8228 11
7047 11
8375 11
3797 11
6609 11
2970 11
4643 11
1 11
1017 11
8719 11
7305 11
3786 11
268 11
8394 11
6907 11
1780 11
7720 11
6612 11
6631 11
366 11
926 11
8258 11
5267 11
4097 11
7615 11
488 11
988 11
3988 11
6123 11
8687 11
6282 11
5633 11
6044 11
8290 11
8519 11
249 11
1609 11
1279 11
5442 11
4745 11
1923 11
4132 11
9378 11
116 11
7691 11
9823 11
8413 11
2501 11
7718 11
7151 11
6717 11
4222 11
4366 11
8432 11
5058 11
6235 11
5501 12
815 12
2470 12
4774 12
9122 12
9060 12
147 12
4465 12
9920 12
9993 12
8979 12
3593 12
258 12
6655 12
3328 12
9319 12
7079 12
7318 12
1582 12
1120 12
7126 12
8628 12
3997 12
3943 12
7849 12
7967 12
6774 12
4363 12
256 12
4780 12
5332 12
4425 12
762 12
5684 12
9395 12
7838 12
4998 12
3342 12
9647 12
6087 12
4499 12
2158 12
8845 12
6566 12
6999 12
8446 12
3596 12
8678 12
5413 12
3745 12
9138 12
9193 12
7947 12
8600 12
6230 12
953 12
8442 12
1513 12
1527 12
7066 12
8554 12
3491 12
6638 12
6900 12
7982 12
2234 12
5308 12
2075 12
5163 12
5102 12
8803 12
7125 12
955 12
3548 12
4855 12
7048 12
4599 12
2999 12
648 12
5877 12
3045 12
5239 12
8824 12
6410 12
5085 12
4538 12
3499 12
882 12
3800 12
8448 12
3962 12
2785 12
6652 12
9105 12
29 12
8004 12
5608 12
5685 12
9517 12
7525 12
7919 12
3046 12
9055 12
7667 12
9152 12
5075 12
1097 12
73 12
1263 12
7978 12
7751 12
8492 12
8382 12
5342 12
3611 12
9542 12
5773 12
3563 12
5291 12
4300 12
5942 12
2834 12
1166 12
7413 12
1182 12
2068 12
7088 12
6620 12
6194 12
5603 12
591 12
3545 12
9175 12
9380 12
1130 12
837 12
4219 12
5779 12
3396 12
5021 12
3067 12
1756 12
8666 12
7937 12
8955 12
3178 12
5500 12
4564 12
520 12
2349 12
4824 12
56 12
5099 12
2767 12
4232 12
4281 12
5480 12
8904 12
7855 12
5928 12
8455 12
3444 12
2976 12
7676 12
7653 12
4443 12
6093 12
6350 12
5294 12
407 12
8589 12
4979 12
2219 12
5782 12
58 12
3403 12
6503 12
9124 12
8133 12
6543 12
4031 12
9463 12
331 12
3601 12
5733 12
3663 12
3042 12
4484 12
9783 12
4655 12
1547 12
7517 12
498 12
5122 12
825 12
6493 12
4067 12
6989 12
14 12
7975 12
9526 12
7630 12
6204 12
3550 12
8985 12
4860 12
9399 12
5203 12
2701 12
1583 12
2933 12
4258 12
6348 12
7476 12
8487 12
7580 12
8503 12
2702 12
7510 12
8862 12
3619 12
5454 12
8672 12
1002 12
2728 12
627 12
3621 12
1535 12
5631 12
2142 12
1956 12
7933 12
20 12
8079 12
805 12
6818 12
5860 12
7397 12
1731 12
3795 12
826 12
1802 12
1235 12
5797 12
9840 12
6148 12
8535 12
6229 12
556 12
2546 12
3180 12
6972 12
838 12
7600 12
814 12
1239 12
1261 12
2573 12
1748 12
8149 12
5391 12
7908 12
9984 12
3028 12
8401 12
9309 12
8591 12
4563 12
4892 12
9513 12
5262 12
5697 12
2802 12
1444 12
6096 12
7773 12
9231 12
1076 12
9886 12
9702 12
6634 12
1646 12
5934 12
1906 12
3097 12
7285 12
4391 12
6241 12
3477 12
9814 12
8267 12
1318 12
3299 12
191 12
2502 12
7842 12
3252 12
5404 12
2533 12
9529 12
3348 12
2636 12
3027 12
61 12
6193 12
9354 12
9456 12
6126 12
1162 12
3481 12
7793 12
9473 12
1181 12
4264 12
6847 12
773 12
4945 12
7806 12
5683 12
6452 12
4226 12
6462 12
7461 12
6220 12
3208 12
7860 12
7328 12
5019 12
3400 12
1125 12
5485 12
8287 12
8119 12
539 12
2208 12
5772 12
5655 12
6630 12
4455 12
2931 12
2181 12
9225 12
1721 12
7354 12
9314 12
3633 12
6641 12
9775 12
4176 12
461 12
6869 12
8964 12
2193 12
7804 12
8326 12
9884 12
7923 12
7099 12
4403 12
1247 12
5675 12
2706 12
2817 12
5238 12
2849 12
1391 12
2943 12
3145 12
2008 12
3347 12
2587 12
2342 12
5598 12
7060 12
5728 12
9522 12
3894 12
3518 12
2243 12
4876 12
1275 12
2163 12
4083 12
1717 12
7946 12
3891 12
4884 12
2073 12
5989 12
1979 12
7268 12
3325 12
6508 12
1627 12
3428 12
3101 12
8300 12
8474 12
6964 12
7131 12
5137 12
1686 12
9252 12
3618 12
8640 12
3903 12
1501 12
5178 12
1083 12
264 12
8234 12
5373 12
5622 12
2134 12
368 12
5325 12
251 12
7948 12
9623 12
2987 12
8938 12
7422 12
8207 12
8405 12
3284 12
3061 12
6477 12
6439 12
1000 12
8737 12
5968 12
8515 12
8550 12
8102 12
5345 12
662 12
7382 12
362 12
7375 12
4883 12
8173 12
1972 12
8152 12
6699 12
522 12
1438 12
9977 12
8062 12
3849 12
7897 12
3575 12
884 12
5148 12
8683 12
297 12
3437 12
6544 12
8997 12
306 12
3043 12
5083 12
3131 12
9042 12
526 12
5993 12
8954 12
2316 12
4393 12
9944 12
9630 12
6857 12
6719 12
3482 12
1620 12
7511 12
1503 12
3304 12
3782 12
3000 12
8121 12
719 12
2015 12
9018 12
7939 12
4117 12
5379 12
9683 12
3077 12
6848 12
1094 12
6450 12
3016 12
7690 12
7638 12
7791 12
1021 12
3664 12
9787 12
412 12
7004 12
8910 12
523 12
5184 12
6686 12
8860 12
6176 12
5496 12
7287 12
6548 12
7859 12
9223 12
5317 12
661 12
4978 12
8354 12
969 12
5039 12
8202 12
210 12
2433 12
2119 12
4621 12
626 12
6253 12
901 12
8664 12
8618 12
7794 12
3597 12
3313 12
6924 12
8226 12
740 12
733 12
324 12
4192 12
800 12
4371 12
9523 12
3878 12
6586 12
3181 12
8924 12
1179 12
9774 12
8962 12
6618 12
732 12
4309 12
5057 12
2153 12
9574 12
7012 12
1795 12
3362 12
6724 12
8883 12
9036 12
6401 12
1697 12
5086 12
3229 12
775 12
3799 12
3917 12
6049 12
6670 12
7051 12
1649 12
602 12
9112 12
3740 12
5711 12
4263 12
9206 12
2643 12
9445 12
3283 12
5939 12
5902 12
8576 12
2864 12
5583 12
4786 12
9323 12
7166 12
3732 12
6784 12
1165 12
9100 12
6294 12
3613 12
9627 12
9013 12
552 12
8868 12
7267 12
8564 12
8965 12
1490 12
6470 12
7155 12
5771 12
7146 12
1109 12
2853 12
2014 12
231 12
8844 12
7344 12
2127 12
1885 12
9839 12
5146 12
7657 12
8484 12
166 12
7193 12
8821 12
285 12
8007 12
9132 12
9641 12
4830 12
2226 12
894 12
2637 12
4972 12
9548 12
8093 12
9250 12
1591 12
5913 12
8714 12
8459 12
8078 12
909 12
908 12
6458 12
1054 12
9322 12
4760 12
192 12
6167 12
8427 12
4666 12
309 12
4743 12
1465 12
9791 12
6010 12
5823 12
5463 12
4541 12
8987 12
3644 12
9985 12
1479 12
6261 12
6005 12
4659 12
1614 12
9910 12
1418 12
126 12
2770 12
121 12
2889 12
6653 12
4556 12
1840 12
5323 12
2072 12
4721 12
7716 12
2497 12
2396 12
7922 12
6873 12
2510 12
5120 12
4657 12
3912 12
996 12
644 12
7942 12
8815 12
9339 12
7145 12
5165 12
2557 12
9621 12
2982 12
2436 12
9297 12
7944 12
7924 12
3231 12
4870 12
8852 12
5956 12
5309 12
9835 12
4272 12
8368 12
6396 12
1765 12
4011 12
6632 12
2660 12
9129 12
4172 12
8497 12
7044 12
8297 12
818 12
5875 12
63 12
7779 12
1397 12
172 12
3531 12
6364 12
9441 12
6603 12
6265 12
6306 12
1785 12
5702 12
2146 12
8440 12
655 12
5557 12
6041 12
2936 12
3267 12
4221 12
8542 12
6296 12
1385 12
3053 12
4955 12
3554 12
3199 12
4919 12
2842 12
8851 12
9896 12
6283 12
6927 12
6505 12
9118 12
8058 12
4516 12
2927 12
4397 12
3419 12
7500 12
1571 12
1788 12
6621 12
2284 12
9095 12
4856 12
3036 12
1430 12
5754 12
3290 12
9210 12
4163 12
9123 12
9067 12
7755 12
2608 12
375 12
3717 12
6459 12
198 12
6744 12
9183 12
3074 12
7348 12
7542 12
7106 12
9904 12
7069 12
1953 12
8068 12
8652 12
1955 12
7906 12
5134 12
7311 12
1349 12
9640 12
9584 12
4113 12
566 12
216 12
9616 12
1302 12
8433 12
7022 12
9156 12
6081 12
6700 12
3819 12
4261 12
8619 12
3737 12
9259 12
9843 12
4948 12
1281 12
6889 12
6576 12
6238 12
4540 12
5094 12
6136 12
9313 12
1904 12
8481 12
2352 12
1813 12
4159 12
4392 12
2043 12
8143 12
2036 12
4330 12
6721 12
664 12
8060 12
7768 12
1553 12
4382 12
2735 12
3431 12
2387 12
812 12
3495 12
434 12
6878 12
9436 12
497 12
7180 12
3161 12
3165 12
9704 12
6195 12
2288 12
8039 12
9934 12
8735 12
9989 12
1160 12
5524 12
4199 12
4082 12
4916 12
7396 12
7111 12
5898 12
4005 12
9383 12
4639 12
8393 12
7964 12
8328 12
1995 12
4957 12
4411 12
8191 12
9507 12
1960 12
776 12
6829 12
1362 12
7491 12
6182 12
8740 12
1099 12
3724 12
2343 12
6166 12
2432 12
7429 12
2772 12
2732 12
7683 12
5076 12
6141 12
9736 12
8644 12
1480 12
1787 12
5386 12
6140 12
9764 12
1567 12
3524 12
4648 12
3456 12
4785 12
288 12
1368 12
4738 12
4713 12
2949 12
4036 12
3270 12
1538 12
2663 12
7217 12
6059 12
6134 12
9882 12
5824 12
9586 12
1413 12
5135 12
9248 12
3785 12
8870 12
4029 12
7483 12
1992 12
109 12
3147 12
3122 12
6112 12
7052 12
6067 12
4537 12
2655 12
1270 12
5128 12
3594 12
7787 12
896 12
2292 12
821 12
9811 12
296 12
7209 12
4171 12
9098 12
6533 12
3282 12
5653 12
9071 12
3500 12
9740 12
5530 12
2476 12
3329 12
9727 12
9610 12
5101 12
1595 12
9812 12
9092 12
816 12
3358 12
310 12
7613 12
6863 12
9942 12
9294 12
8005 12
7591 12
2172 12
5349 12
4790 12
9348 12
4276 12
9948 12
7160 12
3285 12
9536 12
3070 12
6828 12
8001 12
9349 12
345 12
2456 12
8861 12
7749 12
5816 12
4837 12
9561 12
229 12
7550 12
7097 12
3007 12
3657 12
993 12
2406 12
6060 12
4906 12
4493 12
7135 12
3731 12
1313 12
9877 12
2938 12
3584 12
2758 12
5027 12
4798 12
869 12
6084 12
7242 12
3953 12
490 12
5392 12
777 12
4351 12
7149 12
4943 12
9796 12
3496 12
760 12
7221 12
4677 12
1278 12
2084 12
6536 12
1381 12
8908 12
2893 12
6681 12
8624 12
793 12
8936 12
9711 12
4379 12
4980 12
2104 12
2196 12
5905 12
2934 12
2590 12
5419 12
2175 12
4717 12
1797 12
51 12
1603 12
4893 12
2973 12
8934 12
2410 12
4269 12
5929 12
5976 12
4566 12
5467 12
9450 12
2653 12
3607 12
9954 12
983 12
780 12
5411 12
5511 12
2628 12
4208 12
8275 12
3030 12
2083 12
8327 12
7568 12
968 12
5615 12
2135 12
8806 12
5644 12
9560 12
4703 12
1095 12
2650 12
9864 12
7070 12
7770 12
1408 12
9270 12
6845 12
8403 12
2468 12
7446 12
354 12
6122 12
831 12
8478 12
1090 12
7302 12
9108 12
6720 12
4370 12
1820 12
3334 12
3333 12
361 12
9420 12
6527 12
3171 12
6509 12
2591 12
6902 12
9602 12
7214 12
5453 12
7957 12
1986 12
8586 12
4823 12
2661 12
2197 12
504 12
1285 12
9554 12
8097 12
4656 12
7042 12
6240 12
5727 12
448 12
5187 12
3498 12
2079 12
4369 12
2362 12
6482 12
8682 12
300 12
2164 12
30 12
9567 12
1941 12
5810 12
8722 12
1241 12
4471 12
1433 12
1770 12
9585 12
5298 12
7351 12
7684 12
542 12
8289 12
3128 12
5002 12
1616 12
4497 12
5255 12
4838 12
418 12
8903 12
8646 12
9761 12
3418 12
7553 12
3089 12
5233 12
4259 12
1218 12
7437 12
113 12
5539 12
5844 12
9583 12
3372 12
9262 12
6978 12
3815 12
99 12
5543 12
2786 12
2493 12
794 12
4482 12
7304 12
7979 12
7541 12
8900 12
9142 12
3692 12
4427 12
9851 12
6849 12
475 12
2066 12
8571 12
2022 12
3022 12
784 12
3265 12
3381 12
5450 12
2397 12
6599 12
3223 12
6601 12
1526 12
7949 12
2449 12
8772 12
372 12
5617 12
7325 12
8145 12
1604 12
7247 12
6891 12
2144 12
9049 12
3749 12
7021 12
9397 12
6305 12
6441 12
5556 12
2805 12
2034 12
7736 12
2671 12
9831 12
3258 12
4193 12
1346 12
9086 12
2544 12
1326 12
3671 12
5254 12
1508 12
8236 12
7366 12
6207 12
721 12
5691 12
197 12
6549 12
782 12
8365 12
5510 12
557 12
5409 12
5113 12
1419 12
7412 12
7620 12
1460 12
5150 12
8533 12
5004 12
8171 12
7648 12
1557 12
9842 12
84 12
5512 12
7935 12
6478 12
4135 12
3289 12
515 12
5871 12
1719 12
5439 12
9087 12
1857 12
5446 12
8874 12
5422 12
3142 12
878 12
832 12
7698 12
6703 12
7372 12
5961 12
4002 12
8248 12
3635 12
5630 12
489 12
914 12
5819 12
841 12
1871 12
9275 12
265 12
9027 12
7828 12
1371 12
7520 12
5476 12
9357 12
5162 12
7643 12
9077 12
2874 12
4039 12
2967 12
4313 12
3453 12
2840 12
9729 12
4120 12
9041 12
4736 12
8217 12
3383 12
4255 12
8897 12
682 12
2912 12
4911 12
7898 12
8647 12
911 12
4423 12
4740 12
1297 12
5493 12
120 12
2838 12
1291 12
48 12
6174 12
4390 12
8541 12
6076 12
7410 12
5932 12
54 12
6490 12
1498 12
9229 12
4658 12
1905 12
1276 12
7756 12
9056 12
2129 12
5742 12
7821 12
8974 12
1395 12
1734 12
3221 12
2666 12
9819 12
839 12
9488 12
2905 12
2955 12
6047 12
2611 12
7089 12
7005 12
514 12
531 12
9788 12
5573 12
6142 12
1528 12
4665 12
4619 12
6488 12
5853 12
702 12
6704 12
8485 12
1997 12
6663 12
1976 12
9897 12
3060 12
2318 12
7841 12
807 12
8468 12
840 12
931 12
6030 12
3956 12
5219 12
9679 12
1317 12
4175 12
4340 12
5023 12
6110 12
5740 12
1759 12
5855 12
1704 12
8864 12
3947 12
688 12
5529 12
4056 12
6955 12
529 12
7952 12
3516 12
8285 12
5144 12
8830 12
500 12
2583 12
3660 12
6353 12
7560 12
8179 12
9424 12
2986 12
1223 12
3331 12
9931 12
7644 12
5666 12
9131 12
5121 12
6162 12
8423 12
5977 12
1167 12
7103 12
2411 12
9961 12
6555 12
6792 12
1228 12
9779 12
9234 12
1416 12
3484 12
7450 12
3200 12
3972 12
1838 12
6764 12
2082 12
313 12
2676 12
1399 12
2540 12
8825 12
5979 12
2897 12
351 12
1472 12
7623 12
7278 12
6950 12
4167 12
3629 12
4620 12
337 12
9608 12
887 12
4751 12
3546 12
299 12
442 12
4325 12
6868 12
3376 12
8669 12
9806 12
3004 12
6942 12
2911 12
7452 12
4154 12
5155 12
2691 12
1924 12
6039 12
506 12
6965 12
4115 12
90 12
3461 12
9407 12
212 12
2883 12
628 12
1058 12
2305 12
4009 12
2264 12
6657 12
1893 12
7349 12
5838 12
9673 12
2377 12
6875 12
6483 12
3335 12
8869 12
1195 12
8059 12
5785 12
9655 12
1590 12
6286 12
1023 12
4490 12
2872 12
1447 12
5682 12
7733 12
8168 12
4964 12
9928 12
4513 12
2364 12
5600 12
4302 12
3529 12
7110 12
8833 12
217 12
6923 12
4093 12
1735 12
1804 12
1451 12
3562 12
6423 12
6304 12
7723 12
1044 12
6532 12
2808 12
1355 12
5432 12
8697 12
8630 12
4477 12
5245 12
5958 12
5198 12
8264 12
3263 12
4148 12
3748 12
4022 12
4151 12
4353 12
7573 12
2095 12
4626 12
6199 12
9860 12
8643 12
1273 12
9858 12
3933 12
9205 12
4530 12
4179 12
8177 12
7219 12
771 12
4605 12
1713 12
1046 12
130 12
8562 12
1448 12
1523 12
4520 12
2001 12
8241 12
9699 12
7164 12
6804 12
1008 12
1531 12
6831 12
2423 12
8588 12
3668 12
9919 12
9040 12
874 12
3321 12
3025 12
4576 12
4850 12
7954 12
1230 12
2881 12
7680 12
5499 12
4206 12
2901 12
5709 12
4843 12
3457 12
2437 12
6777 12
8160 12
6819 12
4946 12
1532 12
2511 12
4252 12
2512 12
6983 12
640 12
764 12
3177 12
8884 12
1990 12
2914 12
9847 12
540 12
6244 12
4857 12
6992 12
8170 12
6159 12
1859 12
9976 12
3558 12
5845 12
6669 12
1969 12
5481 12
7096 12
2888 12
3080 12
9697 12
9247 12
2212 12
8158 12
5710 12
7470 12
3062 12
695 12
2791 12
1769 12
6045 12
5725 12
8040 12
8511 12
6941 12
8070 12
8695 12
2876 12
3845 12
5938 12
4630 12
5285 12
2954 12
2882 12
7074 12
8567 12
834 12
2378 12
5334 12
1681 12
9742 12
4678 12
8552 12
5400 12
9487 12
789 12
4246 12
8706 12
1867 12
6151 12
4890 12
4801 12
5982 12
7581 12
8155 12
7833 12
7472 12
7994 12
1277 12
3675 12
178 12
3389 12
2458 12
6164 12
8438 12
8253 12
3923 12
7465 12
3826 12
577 12
8019 12
2989 12
8728 12
3853 12
1455 12
751 12
7711 12
9201 12
1912 12
9606 12
240 12
6714 12
7686 12
9370 12
4557 12
8946 12
6854 12
9384 12
4086 12
7378 12
1864 12
8674 12
9221 12
2107 12
4030 12
7913 12
9147 12
5281 12
3412 12
2801 12
1758 12
904 12
9930 12
6208 12
9258 12
811 12
2750 12
4240 12
3382 12
149 12
1482 12
4319 12
8463 12
5478 12
6250 12
1141 12
913 12
7885 12
9700 12
979 12
3960 12
3798 12
7041 12
4218 12
7810 12
2947 12
3713 12
8144 12
1608 12
1113 12
4165 12
5348 12
7481 12
6712 12
7132 12
7112 12
237 12
3839 12
6754 12
3940 12
3892 12
2713 12
5459 12
3408 12
8865 12
2513 12
5344 12
3021 12
5295 12
3965 12
1274 12
8472 12
4861 12
3806 12
6760 12
168 12
7649 12
5859 12
7873 12
2306 12
6861 12
5788 12
9494 12
1342 12
8045 12
9817 12
2124 12
2225 12
5632 12
642 12
2053 12
6553 12
1255 12
663 12
8764 12
6429 12
6043 12
1655 12
18 12
4929 12
8371 12
7594 12
9317 12
8269 12
2421 12
346 12
4947 12
8837 12
1675 12
3865 12
6888 12
4432 12
3287 12
2337 12
118 12
5980 12
3752 12
8012 12
2233 12
752 12
5378 12
3114 12
3230 12
2108 12
6516 12
565 12
960 12
9474 12
2860 12
3694 12
1957 12
5813 12
6691 12
5668 12
8736 12
7763 12
4048 12
2779 12
4053 12
6371 12
8482 12
7834 12
3683 12
7714 12
6310 12
129 12
750 12
455 12
5363 12
5105 12
5489 12
5652 12
2216 12
8692 12
1605 12
4045 12
1951 12
4091 12
8032 12
1884 12
1336 12
8496 12
5310 12
8211 12
4185 12
2246 12
2495 12
1671 12
6817 12
7811 12
370 12
6150 12
2964 12
7137 12
2409 12
4697 12
1437 12
9057 12
5252 12
6977 12
2237 12
6834 12
7367 12
385 12
4624 12
654 12
8930 12
193 12
8331 12
6651 12
3017 12
46 12
8604 12
6976 12
8953 12
4936 12
8581 12
5637 12
1539 12
2451 12
3571 12
2525 12
7225 12
9907 12
2168 12
2703 12
5151 12
7152 12
454 12
3198 12
2239 12
7316 12
6181 12
2100 12
7401 12
646 12
1324 12
2395 12
8941 12
2374 12
1774 12
1920 12
8919 12
7127 12
2581 12
5302 12
1966 12
1466 12
9794 12
4737 12
1606 12
2013 12
608 12
9626 12
7353 12
6841 12
2668 12
1177 12
6614 12
6671 12
6479 12
6910 12
6551 12
3470 12
7687 12
3871 12
438 12
8089 12
5347 12
2769 12
2052 12
4197 12
2314 12
3679 12
4035 12
7380 12
9612 12
9653 12
1412 12
9125 12
6768 12
206 12
3852 12
7546 12
7914 12
4087 12
7985 12
4431 12
9868 12
5407 12
5943 12
1018 12
7912 12
161 12
449 12
7636 12
1357 12
7925 12
5424 12
5722 12
5839 12
7618 12
2731 12
3485 12
9476 12
590 12
1881 12
525 12
9991 12
8593 12
4360 12
2026 12
5650 12
4742 12
1171 12
5202 12
426 12
7403 12
4723 12
1899 12
6882 12
7303 12
6362 12
2099 12
6465 12
1594 12
4615 12
9859 12
196 12
8067 12
2029 12
9903 12
8476 12
4680 12
5957 12
7805 12
303 12
261 12
6895 12
6685 12
1794 12
6088 12
5421 12
649 12
6640 12
7808 12
5374 12
4649 12
3192 12
6913 12
872 12
4500 12
9321 12
9551 12
5717 12
4314 12
553 12
9207 12
3064 12
5569 12
3038 12
9181 12
3123 12
7776 12
6337 12
2263 12
6843 12
8268 12
9158 12
8744 12
3390 12
1168 12
1169 12
4928 12
7608 12
7123 12
8710 12
3759 12
920 12
7314 12
3515 12
8069 12
3535 12
5012 12
8920 12
5365 12
5614 12
9333 12
3869 12
5610 12
6771 12
8517 12
5145 12
33 12
4103 12
2592 12
8809 12
6593 12
6302 12
8381 12
8445 12
1946 12
5482 12
5388 12
9733 12
7715 12
4922 12
7999 12
3919 12
2110 12
3295 12
5275 12
5140 12
7075 12
1499 12
7321 12
606 12
5559 12
3138 12
2829 12
3429 12
396 12
5674 12
1471 12
5157 12
4047 12
6500 12
3932 12
1086 12
5799 12
8130 12
7871 12
3344 12
7588 12
143 12
1726 12
6963 12
1855 12
7339 12
4962 12
2248 12
6751 12
4234 12
9198 12
2658 12
7902 12
2333 12
5216 12
9212 12
8789 12
1458 12
7567 12
7513 12
3634 12
7674 12
1524 12
8536 12
9940 12
4415 12
7515 12
7963 12
4149 12
9412 12
5624 12
581 12
9002 12
3840 12
230 12
4653 12
6510 12
6740 12
4768 12
8544 12
3079 12
9668 12
1425 12
9153 12
5570 12
4436 12
4494 12
4968 12
9918 12
4213 12
3398 12
5464 12
970 12
5609 12
1108 12
7656 12
6016 12
8151 12
3158 12
4716 12
9135 12
8718 12
9350 12
6730 12
119 12
2766 12
4435 12
7678 12
7874 12
6157 12
4468 12
3509 12
1692 12
1071 12
4586 12
3160 12
6925 12
4854 12
8061 12
7991 12
971 12
4917 12
7358 12
666 12
6295 12
3090 12
9281 12
2657 12
4358 12
7843 12
5097 12
9597 12
2751 12
1183 12
333 12
6330 12
9908 12
3326 12
9172 12
8350 12
443 12
3780 12
4839 12
8132 12
5324 12
7853 12
6986 12
730 12
580 12
1343 12
2327 12
4081 12
8749 12
5159 12
398 12
597 12
5612 12
4078 12
6542 12
7420 12
7402 12
578 12
5780 12
6433 12
3992 12
4257 12
5514 12
6738 12
7519 12
2828 12
8498 12
7813 12
7240 12
976 12
9478 12
6494 12
533 12
9624 12
189 12
8667 12
4147 12
5287 12
6267 12
1232 12
2588 12
5973 12
1691 12
2209 12
9662 12
7778 12
5990 12
2238 12
4553 12
9287 12
6591 12
2277 12
6619 12
5836 12
4704 12
3388 12
3332 12
798 12
8881 12
1468 12
5487 12
5064 12
2454 12
8659 12
1015 12
3257 12
2028 12
2504 12
2323 12
3885 12
3915 12
6725 12
3530 12
5768 12
8614 12
3441 12
672 12
8159 12
2953 12
2733 12
7477 12
2446 12
5606 12
9180 12
5963 12
9485 12
5261 12
3425 12
8859 12
45 12
379 12
2565 12
7540 12
3154 12
5059 12
824 12
880 12
6514 12
7564 12
5194 12
478 12
2556 12
8210 12
7812 12
2574 12
5232 12
653 12
7238 12
2088 12
7652 12
2096 12
6741 12
6758 12
8153 12
8594 12
7377 12
1085 12
3568 12
2971 12
3115 12
763 12
6099 12
5806 12
6569 12
1187 12
579 12
424 12
5647 12
2776 12
4546 12
8557 12
1206 12
4840 12
5260 12
9033 12
802 12
7880 12
9008 12
5022 12
5690 12
1152 12
3442 12
8583 12
1910 12
3201 12
5149 12
4084 12
2059 12
7028 12
6412 12
799 12
3209 12
888 12
1932 12
9757 12
7555 12
8293 12
7781 12
5739 12
8529 12
9224 12
6444 12
2904 12
7883 12
7869 12
3435 12
5381 12
8065 12
6133 12
430 12
5263 12
6137 12
770 12
188 12
4420 12
4853 12
6787 12
4481 12
1628 12
5139 12
8775 12
144 12
6862 12
9924 12
186 12
6780 12
575 12
7587 12
7023 12
9715 12
8949 12
1610 12
2746 12
3272 12
9423 12
2604 12
3652 12
8451 12
5635 12
9549 12
3052 12
9182 12
5451 12
820 12
6051 12
9848 12
8742 12
9080 12
830 12
3941 12
5520 12
9769 12
3395 12
4233 12
5673 12
4101 12
4924 12
9037 12
3533 12
4886 12
3041 12
7265 12
6276 12
3602 12
6258 12
6266 12
6130 12
37 12
6518 12
2074 12
8095 12
1561 12
4767 12
3173 12
7569 12
9089 12
3874 12
1082 12
9913 12
6596 12
8428 12
5141 12
106 12
2020 12
9096 12
9690 12
9400 12
6504 12
5133 12
404 12
5662 12
4256 12
1587 12
6947 12
4511 12
1707 12
6402 12
3249 12
1026 12
27 12
994 12
7490 12
6104 12
7713 12
7981 12
5183 12
7095 12
6202 12
3130 12
1772 12
4983 12
125 12
1265 12
3829 12
6816 12
86 12
6361 12
4773 12
4479 12
2177 12
8197 12
5811 12
8907 12
6352 12
1706 12
4552 12
9654 12
2031 12
1875 12
3897 12
9579 12
1492 12
1565 12
6287 12
2737 12
8863 12
291 12
4125 12
3574 12
9504 12
8677 12
8332 12
2064 12
7959 12
1331 12
2307 12
7441 12
8705 12
7850 12
6132 12
3120 12
1828 12
7694 12
1348 12
3650 12
9650 12
2182 12
4669 12
2665 12
5136 12
6212 12
2530 12
769 12
1298 12
6865 12
8703 12
7346 12
6000 12
5249 12
665 12
9458 12
2336 12
1964 12
932 12
6217 12
6325 12
4953 12
2113 12
5744 12
1439 12
3448 12
8112 12
2585 12
6570 12
8828 12
2295 12
8641 12
9767 12
3640 12
332 12
7786 12
1541 12
4224 12
4405 12
9242 12
4895 12
9793 12
9157 12
5466 12
9652 12
9615 12
7073 12
5414 12
7478 12
7938 12
2000 12
4361 12
3149 12
6293 12
9191 12
6564 12
9288 12
2267 12
6336 12
8942 12
2162 12
2417 12
2760 12
2562 12
7524 12
8693 12
9512 12
2270 12
4317 12
6020 12
2250 12
8122 12
7741 12
4813 12
6480 12
5854 12
1940 12
2261 12
7172 12
7433 12
3802 12
7191 12
3322 12
318 12
9947 12
4508 12
5718 12
5455 12
5541 12
9566 12
8950 12
3364 12
6636 12
6273 12
3825 12
1135 12
7432 12
1536 12
3183 12
4448 12
2736 12
3093 12
7484 12
2418 12
2287 12
4194 12
4196 12
8642 12
4210 12
6499 12
4636 12
8537 12
5841 12
731 12
3002 12
9661 12
3578 12
7632 12
9952 12
7190 12
670 12
1619 12
8322 12
1749 12
4283 12
2445 12
4755 12
5053 12
1175 12
6604 12
453 12
3920 12
7789 12
3426 12
9006 12
9289 12
4779 12
6377 12
9154 12
3725 12
4202 12
7884 12
1366 12
9855 12
6539 12
1682 12
6932 12
3008 12
6055 12
2298 12
3739 12
6355 12
4549 12
543 12
3519 12
8607 12
6736 12
2715 12
1762 12
6531 12
1950 12
3744 12
6859 12
4168 12
7505 12
4670 12
3146 12
5835 12
2576 12
5091 12
3994 12
8494 12
7067 12
8786 12
9480 12
2357 12
6163 12
5784 12
5544 12
7527 12
209 12
2183 12
6731 12
8450 12
8412 12
6579 12
692 12
3318 12
6138 12
428 12
952 12
3423 12
7845 12
9195 12
7289 12
1219 12
8717 12
7274 12
114 12
2290 12
1886 12
6125 12
6008 12
567 12
2485 12
2123 12
4573 12
9332 12
6668 12
7485 12
5104 12
6732 12
195 12
2178 12
6982 12
2566 12
9656 12
8030 12
4903 12
378 12
7222 12
1379 12
8343 12
5331 12
2218 12
1900 12
3037 12
5946 12
8951 12
9639 12
5479 12
7063 12
4889 12
5950 12
5190 12
2077 12
786 12
6113 12
2519 12
2550 12
6535 12
21 12
5726 12
8679 12
3544 12
4809 12
1645 12
8195 12
122 12
3807 12
1422 12
9219 12
3982 12
4589 12
2813 12
3350 12
4015 12
4705 12
3459 12
5903 12
964 12
5665 12
3434 12
1209 12
9790 12
2824 12
6958 12
6311 12
7345 12
8957 12
6821 12
8199 12
283 12
2071 12
9768 12
4872 12
8370 12
3259 12
8838 12
1921 12
6769 12
900 12
3424 12
2282 12
6716 12
1296 12
422 12
12 12
3014 12
5397 12
4266 12
2508 12
1978 12
1423 12
8847 12
3034 12
9110 12
9807 12
7205 12
3670 12
3999 12
6625 12
9763 12
8128 12
9593 12
7280 12
5941 12
9601 12
631 12
6309 12
6036 12
4406 12
1752 12
8398 12
5692 12
5658 12
8165 12
4900 12
9329 12
1625 12
1889 12
1984 12
1688 12
6554 12
8263 12
7136 12
2207 12
9218 12
6426 12
8771 12
7299 12
8189 12
5670 12
4207 12
8986 12
8528 12
6602 12
9353 12
5967 12
9104 12
5822 12
5306 12
6590 12
8473 12
4829 12
7440 12
3913 12
2836 12
564 12
4303 12
4647 12
708 12
6108 12
5820 12
7113 12
1156 12
957 12
342 12
7442 12
2280 12
77 12
5147 12
2245 12
7324 12
1250 12
8510 12
4607 12
4818 12
9137 12
8820 12
4617 12
1600 12
7414 12
3152 12
5923 12
2440 12
6842 12
4554 12
3465 12
6682 12
3297 12
4782 12
9789 12
765 12
5182 12
9007 12
2734 12
3508 12
7335 12
8342 12
541 12
1004 12
255 12
7839 12
1025 12
501 12
441 12
6013 12
7313 12
4804 12
5435 12
4324 12
9273 12
2900 12
7758 12
817 12
2380 12
1347 12
7307 12
9192 12
3813 12
6538 12
8031 12
7523 12
3816 12
1559 12
9482 12
2256 12
3427 12
4846 12
8036 12
7538 12
8305 12
8928 12
9721 12
7570 12
5994 12
2672 12
2773 12
4963 12
7027 12
4462 12
3843 12
3856 12
5602 12
5033 12
4931 12
4833 12
3197 12
7528 12
5521 12
2725 12
8464 12
8759 12
4010 12
8414 12
2918 12
4543 12
2170 12
1414 12
5881 12
706 12
7597 12
1911 12
8623 12
8029 12
5206 12
1424 12
413 12
2257 12
1495 12
1566 12
6308 12
6584 12
307 12
9455 12
7118 12
8523 12
6513 12
2795 12
2469 12
5360 12
9003 12
7286 12
5741 12
6390 12
3685 12
5403 12
7054 12
7276 12
3487 12
7254 12
4265 12
3255 12
3262 12
4592 12
1005 12
8632 12
1533 12
3961 12
1081 12
9503 12
3369 12
3088 12
4757 12
1641 12
6573 12
1459 12
4585 12
549 12
3901 12
1410 12
8192 12
2489 12
8780 12
7468 12
6256 12
6946 12
5767 12
8923 12
4304 12
9730 12
9091 12
8799 12
2721 12
3353 12
9739 12
338 12
3144 12
3006 12
3708 12
2669 12
4037 12
6675 12
4306 12
8376 12
2078 12
4862 12
8176 12
9255 12
6560 12
4528 12
4935 12
4859 12
7579 12
3314 12
636 12
3590 12
4714 12
2441 12
3831 12
1453 12
9434 12
7827 12
5789 12
5917 12
1251 12
7167 12
2325 12
6154 12
4690 12
9533 12
1621 12
4547 12
891 12
5080 12
2612 12
3455 12
3908 12
1821 12
5460 12
9265 12
5736 12
1306 12
517 12
3083 12
3914 12
8989 12
599 12
2354 12
991 12
1051 12
739 12
450 12
5959 12
5271 12
9097 12
5849 12
1818 12
2383 12
6090 12
7224 12
2599 12
4877 12
3565 12
637 12
6844 12
4184 12
3847 12
5940 12
1037 12
131 12
4166 12
1597 12
7259 12
8768 12
5533 12
5867 12
7721 12
4247 12
8113 12
1282 12
1725 12
2236 12
1996 12
2003 12
6366 12
7625 12
1350 12
4674 12
5375 12
1248 12
1007 12
5082 12
4525 12
3833 12
82 12
4794 12
388 12
8788 12
7637 12
7385 12
8367 12
9565 12
1227 12
9734 12
4652 12
7887 12
5010 12
571 12
5047 12
4992 12
1668 12
5517 12
3582 12
7761 12
9992 12
1372 12
9058 12
9228 12
3541 12
6905 12
4762 12
253 12
6098 12
5878 12
2740 12
2647 12
3085 12
7692 12
2166 12
9905 12
8899 12
9743 12
2722 12
5577 12
3380 12
3227 12
2235 12
4578 12
4267 12
9808 12
6608 12
8994 12
6432 12
9268 12
8090 12
797 12
4114 12
5237 12
2049 12
392 12
8661 12
8140 12
5553 12
8832 12
1714 12
6224 12
494 12
8429 12
5384 12
8477 12
8896 12
545 12
5568 12
9637 12
1334 12
1032 12
4777 12
2571 12
4506 12
5474 12
7091 12
4362 12
544 12
203 12
860 12
5283 12
8366 12
328 12
187 12
3156 12
2762 12
5988 12
4532 12
5721 12
6697 12
4691 12
4235 12
1916 12
4459 12
3341 12
8822 12
944 12
9710 12
2496 12
3707 12
25 12
6201 12
6966 12
6558 12
1768 12
3528 12
383 12
8439 12
5677 12
5951 12
7208 12
5127 12
7832 12
9498 12
7161 12
4012 12
928 12
1816 12
7271 12
7031 12
2926 12
4239 12
2708 12
3212 12
2850 12
3687 12
9677 12
5532 12
5393 12
62 12
9792 12
8858 12
7192 12
2952 12
2039 12
8779 12
5490 12
5251 12
6378 12
6028 12
5441 12
9827 12
1237 12
8716 12
7921 12
9101 12
1308 12
6190 12
5250 12
6648 12
5649 12
6552 12
9190 12
759 12
3084 12
910 12
7722 12
2743 12
5889 12
5014 12
2304 12
8066 12
3772 12
918 12
8216 12
1560 12
3447 12
9748 12
877 12
4687 12
3337 12
5060 12
2866 12
943 12
5661 12
2865 12
1127 12
6690 12
382 12
3163 12
3323 12
1902 12
3559 12
866 12
2106 12
7460 12
5689 12
9209 12
5025 12
4761 12
2254 12
6762 12
6053 12
6487 12
9375 12
2756 12
4327 12
7355 12
8201 12
5126 12
1844 12
3108 12
7719 12
4118 12
5223 12
8914 12
6853 12
3505 12
23 12
2019 12
3029 12
4326 12
7574 12
4140 12
4831 12
3993 12
3934 12
7818 12
353 12
4337 12
783 12
2827 12
4622 12
986 12
833 12
1287 12
1548 12
9698 12
5425 12
4236 12
4408 12
2752 12
5313 12
4475 12
2005 12
9467 12
1103 12
7153 12
3031 12
8245 12
7955 12
4444 12
7619 12
7788 12
9778 12
9196 12
6511 12
1891 12
6623 12
2909 12
4249 12
8334 12
2452 12
6345 12
1268 12
9837 12
2929 12
2830 12
3324 12
7134 12
4380 12
1660 12
7009 12
1231 12
9457 12
2167 12
6149 12
7772 12
8715 12
7627 12
9 12
4065 12
8397 12
2906 12
4781 12
8876 12
5320 12
2552 12
7548 12
9914 12
5307 12
9439 12
2308 12
4476 12
7840 12
2741 12
2400 12
8977 12
1417 12
6144 12
6928 12
5945 12
8082 12
9031 12
167 12
11 12
2528 12
621 12
5719 12
1563 12
4932 12
2060 12
906 12
5186 12
1939 12
3184 12
7045 12
8915 12
2499 12
7327 12
9251 12
7338 12
6290 12
5513 12
2412 12
7212 12
1806 12
5049 12
7822 12
8408 12
3275 12
4845 12
9921 12
2806 12
57 12
1213 12
8729 12
2940 12
7210 12
2480 12
3288 12
4158 12
5997 12
3814 12
2898 12
3939 12
7592 12
6706 12
2738 12
5034 12
3907 12
4286 12
3553 12
6275 12
4784 12
8435 12
7549 12
2781 12
8758 12
8441 12
207 12
464 12
9414 12
8893 12
4982 12
3808 12
573 12
4981 12
8810 12
4625 12
7590 12
8690 12
5340 12
2492 12
4157 12
2577 12
1359 12
3239 12
4503 12
6421 12
4105 12
5834 12
2007 12
7508 12
8963 12
5542 12
748 12
713 12
5172 12
4434 12
7977 12
4301 12
5625 12
8991 12
5861 12
5812 12
6086 12
6011 12
3176 12
4628 12
9670 12
6063 12
6790 12
1432 12
6192 12
6069 12
7202 12
9010 12
6300 12
1836 12
5207 12
1667 12
1947 12
8244 12
6698 12
8291 12
5346 12
559 12
6645 12
2275 12
1673 12
6411 12
9427 12
6687 12
5846 12
8002 12
7571 12
4965 12
948 12
7431 12
9120 12
856 12
5387 12
6184 12
3296 12
8629 12
7244 12
4354 12
9484 12
2851 12
1562 12
3975 12
8055 12
9571 12
364 12
584 12
4681 12
4364 12
6260 12
674 12
5168 12
6187 12
6662 12
4822 12
558 12
8781 12
5100 12
5069 12
2645 12
4960 12
343 12
7848 12
5753 12
2424 12
202 12
8773 12
4308 12
6763 12
4568 12
2984 12
5016 12
7457 12
1529 12
6541 12
5965 12
9241 12
8660 12
6993 12
8335 12
8834 12
8694 12
4439 12
3514 12
1639 12
1642 12
8123 12
7775 12
4290 12
1043 12
402 12
5900 12
6188 12
6388 12
3870 12
2962 12
9755 12
4296 12
5954 12
1954 12
8148 12
7766 12
1116 12
8462 12
3075 12
7295 12
1011 12
141 12
6546 12
4223 12
3416 12
7158 12
5862 12
4201 12
5750 12
9461 12
5 12
1384 12
275 12
4328 12
6338 12
5563 12
8823 12
6427 12
1708 12
4814 12
4305 12
9871 12
3761 12
9085 12
3490 12
873 12
3893 12
8056 12
2145 12
9286 12
9460 12
9978 12
6474 12
8937 12
6191 12
9953 12
1456 12
7705 12
747 12
3117 12
7376 12
9422 12
9505 12
397 12
8887 12
8521 12
5314 12
3641 12
5548 12
5037 12
9799 12
7417 12
4429 12
7679 12
5304 12
9052 12
5821 12
9066 12
4642 12
8602 12
3669 12
1917 12
3888 12
3712 12
2956 12
6823 12
592 12
4645 12
4788 12
3157 12
3373 12
380 12
2667 12
4791 12
8251 12
2930 12
2012 12
3730 12
9330 12
9408 12
4915 12
247 12
6805 12
8613 12
7114 12
5735 12
875 12
7731 12
2885 12
1087 12
9777 12
8894 12
984 12
5920 12
8049 12
7916 12
5026 12
1578 12
4852 12
252 12
6131 12
7837 12
2607 12
2487 12
5715 12
7014 12
3355 12
3630 12
9015 12
2297 12
3410 12
1958 12
9607 12
1901 12
4367 12
6649 12
4559 12
5259 12
4515 12
8392 12
4446 12
6485 12
3164 12
5707 12
3922 12
7223 12
9068 12
8255 12
2624 12
4959 12
7365 12
5470 12
8304 12
9410 12
1153 12
1022 12
1680 12
3210 12
9766 12
5226 12
9188 12
9499 12
1925 12
8023 12
7246 12
7826 12
6358 12
3973 12
431 12
104 12
1534 12
5235 12
2230 12
5112 12
1593 12
5566 12
3948 12
2745 12
9801 12
3653 12
2464 12
8024 12
6257 12
3345 12
5335 12
8277 12
5107 12
9713 12
2328 12
1140 12
2151 12
4161 12
242 12
8426 12
2101 12
2291 12
9611 12
7729 12
3567 12
2422 12
9999 12
6987 12
6274 12
8274 12
9402 12
3585 12
5832 12
2730 12
269 12
938 12
3451 12
470 12
6783 12
9870 12
4555 12
2907 12
107 12
1215 12
7870 12
2899 12
5201 12
3769 12
6693 12
8829 12
7795 12
2919 12
2173 12
4952 12
3911 12
4864 12
7236 12
4069 12
5230 12
226 12
528 12
1031 12
8044 12
9070 12
7629 12
8319 12
415 12
6892 12
3599 12
7462 12
6909 12
2896 12
3983 12
4967 12
2063 12
3047 12
2863 12
4616 12
9720 12
2804 12
5585 12
3539 12
700 12
9674 12
3140 12
7852 12
9290 12
9956 12
8139 12
1963 12
137 12
3690 12
9413 12
3082 12
6824 12
1520 12
1573 12
6234 12
9955 12
4567 12
7272 12
4237 12
6393 12
8540 12
876 12
5418 12
3830 12
758 12
1264 12
1319 12
5587 12
2086 12
7890 12
2675 12
5558 12
1064 12
8391 12
5052 12
9372 12
4295 12
8329 12
3103 12
9514 12
5588 12
7317 12
3667 12
5042 12
6233 12
4821 12
6299 12
2549 12
2726 12
3985 12
7416 12
3783 12
6713 12
4989 12
4450 12
4941 12
2023 12
3651 12
7672 12
4758 12
4134 12
2198 12
2507 12
5412 12
2852 12
7847 12
9246 12
5756 12
9752 12
1469 12
5118 12
8514 12
3998 12
1835 12
6807 12
8698 12
6967 12
4708 12
7007 12
5592 12
3727 12
2778 12
7361 12
317 12
8086 12
5234 12
7439 12
7235 12
2846 12
6245 12
9433 12
8323 12
1936 12
8637 12
8356 12
4775 12
1790 12
7175 12
1815 12
8709 12
1848 12
5833 12
842 12
9785 12
8766 12
6177 12
492 12
7177 12
1020 12
5188 12
3202 12
915 12
1233 12
2617 12
7514 12
3264 12
9069 12
1724 12
978 12
2799 12
9810 12
9963 12
4990 12
5873 12
9063 12
3445 12
8892 12
7253 12
2526 12
1084 12
6216 12
8028 12
71 12
8983 12
7930 12
8743 12
2796 12
1060 12
1115 12
5228 12
9048 12
1402 12
6506 12
2803 12
6990 12
4744 12
1272 12
4661 12
9863 12
1517 12
3773 12
7900 12
9609 12
9446 12
154 12
9900 12
965 12
5065 12
5918 12
7398 12
6078 12
1335 12
70 12
4942 12
5825 12
2792 12
5879 12
6408 12
8634 12
7631 12
4699 12
4871 12
3148 12
2844 12
6399 12
990 12
7252 12
3486 12
871 12
8970 12
5364 12
3796 12
5434 12
1243 12
5290 12
7990 12
949 12
4003 12
1139 12
8084 12
4728 12
1320 12
1420 12
105 12
7899 12
7040 12
2341 12
9388 12
7121 12
1596 12
8324 12
7399 12
7742 12
1062 13
1222 13
1638 13
9966 13
3019 13
1072 13
2319 13
9974 13
444 13
5131 13
6825 13
8909 13
1779 13
7000 13
9887 13
6254 13
5724 13
3688 13
2114 13
6448 13
2698 13
352 13
1812 13
66 13
2116 13
3709 13
4763 13
9758 13
8318 13
5621 13
8138 13
726 13
9342 13
1556 13
8166 13
2602 13
7878 13
4863 13
6405 13
1647 13
4887 13
8753 13
1665 13
9901 13
4215 13
9573 13
2027 13
4119 13
427 13
244 13
8307 13
5705 13
1720 13
1315 13
4720 13
2541 13
9004 13
8921 13
9825 13
6973 13
3944 13
169 13
5240 13
6409 13
6911 13
7797 13
2965 13
5582 13
5296 13
2408 13
483 13
6064 13
1853 13
1118 13
9632 13
3420 13
153 13
34 13
7015 13
7090 13
5885 13
3735 13
2463 13
6089 13
4608 13
7291 13
6678 13
8555 13
1687 13
2092 13
2214 13
1830 13
1549 13
7359 13
7824 13
8364 13
5504 13
5534 13
8483 13
8495 13
1732 13
8512 13
9657 13
9557 13
9271 13
9867 13
5045 13
3899 13
7851 13
9386 13
9001 13
5555 13
3375 13
5398 13
6446 13
6702 13
6259 13
1678 13
2835 13
8167 13
7086 13
7404 13
2810 13
1789 13
1488 13
8096 13
3896 13
3556 13
9917 13
238 13
3003 13
1874 13
893 13
5028 13
3863 13
9179 13
5458 13
4764 13
5776 13
409 13
3216 13
1702 13
5660 13
2862 13
1190 13
5983 13
4164 13
419 13
7323 13
6321 13
3970 13
7194 13
6563 13
9894 13
3620 13
3986 13
8281 13
3343 13
2210 13
5508 13
5171 13
1075 13
2579 13
4618 13
7823 13
7301 13
5273 13
6324 13
2 13
1365 13
4595 13
2606 13
854 13
2370 13
3317 13
710 13
7058 13
4913 13
44 13
3105 13
4347 13
9204 13
4038 13
9509 13
1259 13
267 13
1981 13
1962 13
611 13
4904 13
7872 13
399 13
4844 13
8754 13
2115 13
5688 13
3930 13
7639 13
7116 13
7539 13
3351 13
9600 13
6988 13
4792 13
4102 13
3880 13
377 13
554 13
8574 13
1643 13
5899 13
2317 13
9186 13
3402 13
4271 13
863 13
9707 13
9716 13
7038 13
8702 13
7603 13
3612 13
3278 13
9394 13
3857 13
7430 13
7077 13
3926 13
6443 13
9365 13
7956 13
1070 13
7010 13
6523 13
5355 13
9805 13
8522 13
8500 13
9588 13
417 13
43 13
1506 13
7803 13
1149 13
8543 13
5795 13
9459 13
4018 13
213 13
623 13
561 13
8087 13
7475 13
8134 13
3194 13
3904 13
9481 13
2807 13
656 13
6436 13
2392 13
7825 13
381 13
3525 13
7526 13
5048 13
301 13
3139 13
2393 13
2939 13
2010 13
1345 13
3918 13
7495 13
8000 13
3890 13
437 13
7275 13
612 13
3855 13
6701 13
7888 13
3300 13
858 13
5217 13
6349 13
3352 13
8142 13
3507 13
3673 13
4820 13
6095 13
5657 13
2614 13
9336 13
734 13
6914 13
9126 13
5483 13
2242 13
3672 13
6705 13
9832 13
3506 13
3837 13
4417 13
6598 13
8223 13
2505 13
1356 13
9692 13
4988 13
468 13
604 13
5972 13
1203 13
684 13
6481 13
2061 13
3990 13
1674 13
864 13
2887 13
2921 13
4748 13
6461 13
2619 13
9140 13
8670 13
7817 13
3766 13
8795 13
2516 13
6971 13
3846 13
9021 13
6497 13
7456 13
5253 13
5829 13
7081 13
898 13
6761 13
2136 13
8137 13
8175 13
5090 13
2689 13
8283 13
5212 13
1333 13
7269 13
6342 13
847 13
1354 13
5713 13
9795 13
1657 13
2623 13
2339 13
5169 13
4426 13
8675 13
9962 13
6062 13
7312 13
1286 13
9595 13
1338 13
4457 13
4204 13
5227 13
9889 13
3306 13
2895 13
1693 13
4419 13
9960 13
6315 13
6715 13
8052 13
8209 13
9682 13
8580 13
2051 13
6175 13
690 13
3151 13
4079 13
6449 13
1188 13
547 13
7995 13
7633 13
941 13
625 13
2453 13
2076 13
2768 13
738 13
9293 13
4254 13
1154 13
1191 13
2069 13
5269 13
420 13
3631 13
3220 13
9971 13
7364 13
4683 13
7120 13
1698 13
4612 13
7141 13
5241 13
9235 13
9232 13
3649 13
4793 13
8745 13
985 13
1564 13
2932 13
4807 13
1784 13
5974 13
999 13
7342 13
1746 13
2867 13
6285 13
2300 13
6997 13
6673 13
9709 13
6733 13
4551 13
340 13
7016 13
1300 13
7466 13
4756 13
2320 13
8411 13
4505 13
2021 13
6403 13
5326 13
5760 13
727 13
6613 13
1545 13
8235 13
2618 13
4834 13
2398 13
8183 13
3581 13
6864 13
683 13
5531 13
239 13
9267 13
8877 13
6272 13
1378 13
3096 13
3248 13
6688 13
4848 13
2045 13
3100 13
1745 13
667 13
8400 13
8203 13
3268 13
3757 13
9936 13
246 13
295 13
5901 13
8378 13
9377 13
92 13
7654 13
2419 13
7498 13
2710 13
1515 13
2402 13
4901 13
5415 13
5704 13
2143 13
5180 13
8014 13
9691 13
7071 13
355 13
2659 13
5488 13
5751 13
9490 13
8101 13
2262 13
5035 13
1325 13
3827 13
9970 13
8037 13
1580 13
6197 13
5000 13
9568 13
3881 13
38 13
5264 13
1868 13
9669 13
1089 13
6003 13
736 13
5783 13
3572 13
9958 13
2551 13
8755 13
8316 13
1284 13
9203 13
8794 13
9816 13
1805 13
3454 13
5527 13
6484 13
6672 13
2434 13
1376 13
4400 13
1943 13
2332 13
4070 13
7858 13
2974 13
9996 13
5210 13
8260 13
7989 13
1863 13
741 13
4231 13
2634 13
1683 13
5763 13
9391 13
1353 13
1484 13
6270 13
2521 13
1462 13
7920 13
3967 13
112 13
9184 13
7675 13
9935 13
8984 13
4437 13
5515 13
8465 13
8265 13
785 13
4463 13
179 13
1994 13
9708 13
8813 13
6425 13
6418 13
6475 13
7140 13
3643 13
9155 13
4905 13
5672 13
2800 13
349 13
6851 13
7576 13
2004 13
1703 13
8124 13
8636 13
4710 13
8975 13
1374 13
3207 13
2017 13
3098 13
8875 13
393 13
3035 13
2597 13
1185 13
699 13
3245 13
2125 13
2821 13
493 13
7566 13
6328 13
3094 13
2359 13
5926 13
1144 13
6035 13
5214 13
9922 13
1142 13
6498 13
1851 13
3931 13
9479 13
1003 13
1877 13
5213 13
787 13
962 13
3665 13
8247 13
8835 13
6534 13
8889 13
8015 13
3834 13
8337 13
3195 13
5401 13
2977 13
5743 13
641 13
1463 13
1184 13
8649 13
6979 13
8885 13
5935 13
9813 13
3048 13
2924 13
2416 13
7782 13
6391 13
9591 13
1980 13
7319 13
9705 13
645 13
582 13
756 13
1352 13
2960 13
8577 13
3958 13
6457 13
3320 13
7986 13
358 13
485 13
3015 13
7309 13
4698 13
2200 13
3776 13
15 13
2707 13
7039 13
2678 13
735 13
2269 13
4633 13
8008 13
6322 13
4108 13
8303 13
9515 13
5117 13
1909 13
5382 13
2605 13
5462 13
1733 13
8266 13
350 13
1895 13
2832 13
42 13
5642 13
6298 13
8321 13
4663 13
5627 13
9862 13
8734 13
518 13
7702 13
6034 13
9014 13
2184 13
6139 13
473 13
7987 13
7487 13
9874 13
8684 13
8198 13
5864 13
9635 13
3884 13
507 13
8761 13
1658 13
1537 13
4032 13
2137 13
7601 13
2979 13
4339 13
9236 13
7611 13
2609 13
5092 13
2679 13
4422 13
1449 13
3935 13
6367 13
3310 13
7802 13
8224 13
1903 13
5318 13
2613 13
9828 13
3387 13
9854 13
4245 13
885 13
9559 13
6617 13
1540 13
5616 13
173 13
829 13
7013 13
2244 13
6180 13
1220 13
5947 13
5288 13
6778 13
9326 13
8154 13
9442 13
7426 13
7767 13
9022 13
7408 13
6223 13
8109 13
1392 13
1293 13
1216 13
2414 13
4111 13
3044 13
1386 13
8913 13
9149 13
1069 13
659 13
132 13
5804 13
9150 13
4152 13
5293 13
6170 13
245 13
7101 13
3532 13
7002 13
8358 13
4407 13
4722 13
4130 13
9899 13
6357 13
9649 13
3588 13
8560 13
5465 13
9804 13
4050 13
9216 13
8282 13
83 13
7709 13
7115 13
7357 13
8017 13
6800 13
3743 13
1579 13
2793 13
9735 13
1119 13
809 13
6710 13
3978 13
1481 13
9162 13
5856 13
1637 13
5906 13
6743 13
2569 13
720 13
9876 13
4524 13
1850 13
678 13
5919 13
3844 13
6218 13
8774 13
6811 13
9772 13
679 13
1670 13
5619 13
6103 13
4851 13
1245 13
9696 13
9005 13
8685 13
4891 13
6931 13
3054 13
4203 13
3311 13
2941 13
4531 13
2917 13
3124 13
8077 13
4766 13
1622 13
5063 13
7449 13
9282 13
1450 13
6464 13
2286 13
9344 13
2388 13
9511 13
201 13
4560 13
4878 13
959 13
293 13
6974 13
3543 13
9527 13
505 13
1369 13
8238 13
5536 13
250 13
1258 13
8988 13
459 13
4345 13
5911 13
2155 13
6052 13
3501 13
5408 13
4110 13
7084 13
8668 13
689 13
7062 13
4496 13
1803 13
7467 13
2809 13
1663 13
175 13
458 13
8312 13
248 13
3055 13
4969 13
6664 13
8748 13
2991 13
3991 13
4488 13
9432 13
779 13
1339 13
158 13
2118 13
1890 13
532 13
9263 13
4424 13
8205 13
1938 13
3645 13
8181 13
1196 13
5786 13
3866 13
1131 13
7798 13
4019 13
8085 13
8270 13
8301 13
2283 13
4985 13
204 13
1202 13
716 13
5597 13
6384 13
7098 13
2157 13
481 13
5805 13
1470 13
221 13
1961 13
4836 13
1431 13
6495 13
6042 13
8943 13
2757 13
3626 13
2112 13
9489 13
2759 13
8232 13
1987 13
4014 13
2875 13
4654 13
1999 13
1039 13
3409 13
8927 13
7677 13
3011 13
7387 13
8190 13
3092 13
3367 13
8704 13
5518 13
1834 13
4591 13
3952 13
7262 13
1102 13
2662 13
1045 13
1117 13
78 13
8707 13
8750 13
6014 13
9244 13
6772 13
3637 13
9821 13
2570 13
6422 13
1624 13
6317 13
2928 13
6757 13
3658 13
282 13
5985 13
4244 13
7544 13
2038 13
9603 13
4934 13
503 13
7950 13
5550 13
5576 13
4028 13
1882 13
5311 13
2281 13
5103 13
4896 13
9171 13
7857 13
2389 13
5498 13
3925 13
7331 13
5390 13
6545 13
2326 13
3219 13
5613 13
3756 13
2159 13
2494 13
7388 13
6903 13
2488 13
4961 13
8506 13
2925 13
3656 13
9658 13
3591 13
8220 13
5472 13
973 13
1651 13
9417 13
2294 13
3467 13
1585 13
7229 13
8453 13
2324 13
696 13
3058 13
8657 13
1367 13
7061 13
1271 13
4729 13
5503 13
7909 13
7780 13
4441 13
2471 13
2839 13
1124 13
6107 13
956 13
7297 13
1193 13
6404 13
4008 13
1509 13
7516 13
8665 13
6054 13
4707 13
3143 13
6775 13
8430 13
3432 13
9024 13
4898 13
8407 13
7547 13
2204 13
2205 13
7882 13
3793 13
3747 13
2690 13
1617 13
4810 13
8867 13
9238 13
171 13
5175 13
8310 13
8169 13
9428 13
8911 13
9220 13
7895 13
3936 13
7400 13
9222 13
2431 13
6587 13
7901 13
660 13
8505 13
8390 13
9846 13
5077 13
6279 13
596 13
1656 13
2532 13
9141 13
3033 13
7455 13
7179 13
4907 13
6610 13
3592 13
694 13
3118 13
4590 13
323 13
7363 13
4923 13
2626 13
1446 13
2825 13
9744 13
6168 13
4733 13
7801 13
1390 13
9440 13
1832 13
1134 13
4104 13
211 13
2122 13
6280 13
5359 13
1929 13
8206 13
5809 13
6839 13
4041 13
9226 13
5732 13
5394 13
3294 13
8254 13
5921 13
4991 13
4558 13
7411 13
4938 13
466 13
4588 13
5654 13
8508 13
4975 13
4288 13
7554 13
9303 13
8939 13
635 13
7844 13
534 13
1494 13
6232 13
6001 13
6413 13
9343 13
9074 13
8141 13
9295 13
3848 13
1138 13
3475 13
5777 13
7343 13
7263 13
7383 13
1644 13
6722 13
519 13
9491 13
6781 13
576 13
8136 13
5830 13
9912 13
6945 13
3312 13
9706 13
1555 13
5185 13
8819 13
6438 13
9968 13
3738 13
5636 13
1887 13
4731 13
1822 13
1659 13
3247 13
9418 13
263 13
4671 13
2428 13
7260 13
6243 13
4205 13
7728 13
6906 13
2285 13
8212 13
7745 13
5153 13
568 13
7228 13
9050 13
4055 13
8971 13
9686 13
4329 13
2427 13
7668 13
4107 13
2635 13
2401 13
8724 13
3203 13
139 13
1554 13
7856 13
2572 13
1332 13
4561 13
2908 13
5778 13
4076 13
7586 13
3583 13
8686 13
9464 13
8022 13
2169 13
9997 13
1073 13
1743 13
4874 13
8200 13
551 13
5581 13
4352 13
7507 13
75 13
7281 13
4212 13
89 13
3987 13
8011 13
100 13
7665 13
4711 13
5523 13
1823 13
7178 13
8444 13
384 13
3336 13
5445 13
9264 13
593 13
8262 13
7522 13
2461 13
3763 13
5292 13
2972 13
3168 13
228 13
3876 13
9987 13
9995 13
2381 13
3646 13
4178 13
5006 13
1229 13
4894 13
9983 13
3974 13
3174 13
8333 13
67 13
7065 13
4976 13
9619 13
7008 13
4136 13
7866 13
4672 13
1781 13
3480 13
5969 13
6360 13
4858 13
8545 13
4049 13
2985 13
2138 13
1544 13
3266 13
1729 13
2097 13
6571 13
9278 13
1586 13
8386 13
1123 13
937 13
4368 13
9645 13
1388 13
3959 13
7771 13
5220 13
101 13
3137 13
4695 13
5960 13
6442 13
7796 13
857 13
2070 13
6879 13
4495 13
3767 13
326 13
5686 13
1915 13
2631 13
3111 13
5565 13
371 13
5246 13
3768 13
4291 13
7624 13
5427 13
6809 13
3764 13
3954 13
1942 13
1197 13
2777 13
530 13
1782 13
5197 13
4610 13
6916 13
9580 13
6046 13
5761 13
7727 13
6178 13
2871 13
3794 13
6735 13
5831 13
7296 13
3421 13
8638 13
2584 13
8050 13
1611 13
4769 13
585 13
9620 13
2338 13
1722 13
6629 13
1316 13
7557 13
6387 13
2273 13
881 13
7754 13
8449 13
79 13
6068 13
9535 13
7336 13
1401 13
8467 13
7958 13
4749 13
1441 13
2534 13
6711 13
1866 13
823 13
974 13
8651 13
8570 13
8524 13
6594 13
5243 13
9421 13
9199 13
3471 13
2763 13
3063 13
5248 13
9695 13
9284 13
804 13
5936 13
7454 13
1876 13
8172 13
3057 13
7984 13
279 13
6073 13
5502 13
3861 13
6072 13
8547 13
8879 13
1173 13
6985 13
2399 13
790 13
7836 13
3862 13
5430 13
2797 13
5266 13
7970 13
8551 13
5166 13
3068 13
8099 13
7664 13
7744 13
6165 13
9073 13
7085 13
5638 13
7168 13
271 13
7200 13
1612 13
3966 13
6767 13
387 13
6386 13
8790 13
9969 13
8530 13
9688 13
9368 13
3449 13
6799 13
709 13
895 13
2503 13
3777 13
4702 13
2641 13
1016 13
4724 13
5667 13
5280 13
2877 13
1755 13
508 13
6922 13
1546 13
7368 13
3639 13
3286 13
496 13
9725 13
4453 13
7972 13
4914 13
8345 13
9964 13
6251 13
3701 13
6289 13
8746 13
1038 13
7712 13
3697 13
658 13
6029 13
5764 13
1253 13
5914 13
1847 13
9780 13
1483 13
5545 13
9116 13
4174 13
4518 13
7308 13
8805 13
4754 13
4570 13
374 13
9732 13
5473 13
3968 13
341 13
5996 13
5611 13
6006 13
4512 13
6746 13
6666 13
1662 13
1933 13
2147 13
9510 13
6198 13
8034 13
3452 13
9570 13
93 13
123 13
5366 13
9553 13
2048 13
7171 13
7421 13
7695 13
6568 13
9443 13
9390 13
6948 13
9438 13
5626 13
2009 13
9305 13
5895 13
9712 13
2334 13
9409 13
1827 13
7 13
9643 13
2366 13
1652 13
8931 13
9028 13
8185 13
1694 13
7819 13
3615 13
555 13
6949 13
9161 13
334 13
2894 13
6094 13
6694 13
1892 13
8186 13
8188 13
6057 13
6476 13
3828 13
5790 13
1457 13
9638 13
1629 13
5209 13
1257 13
5436 13
2346 13
292 13
1679 13
4662 13
2149 13
8161 13
2638 13
9754 13
9393 13
2789 13
108 13
7473 13
3765 13
1493 13
5067 13
7670 13
1100 13
8961 13
4526 13
8257 13
2347 13
7370 13
6592 13
2351 13
9906 13
6737 13
8098 13
4805 13
1699 13
7184 13
6806 13
7707 13
4043 13
8840 13
7082 13
2148 13
9486 13
319 13
9381 13
8338 13
234 13
8973 13
1252 13
1454 13
9090 13
1913 13
9324 13
9660 13
7243 13
8982 13
9786 13
4456 13
4312 13
7835 13
844 13
5640 13
91 13
3898 13
9177 13
4410 13
9845 13
972 13
6646 13
9625 13
3368 13
8808 13
4412 13
1766 13
3676 13
69 13
1773 13
8507 13
9596 13
9741 13
3113 13
6004 13
1049 13
3357 13
6936 13
8935 13
2646 13
8688 13
9243 13
7951 13
3141 13
4986 13
6991 13
5152 13
3746 13
9168 13
8341 13
7029 13
8493 13
5547 13
4026 13
6728 13
5204 13
3909 13
6445 13
4816 13
9020 13
1012 13
3877 13
8489 13
1601 13
2923 13
4473 13
9495 13
7640 13
6581 13
4587 13
4085 13
3474 13
2429 13
886 13
9406 13
1636 13
3586 13
6210 13
4287 13
5955 13
469 13
6307 13
405 13
8842 13
76 13
634 13
4880 13
4750 13
2223 13
7595 13
6765 13
9926 13
8163 13
6496 13
2206 13
2271 13
1865 13
8100 13
7894 13
3095 13
4404 13
2384 13
7445 13
8916 13
6335 13
2711 13
9599 13
181 13
8294 13
6026 13
5316 13
3099 13
8561 13
3566 13
9519 13
2515 13
9822 13
7011 13
6795 13
2130 13
3430 13
5852 13
7928 13
5897 13
1452 13
8336 13
5301 13
3119 13
5372 13
2442 13
7043 13
9644 13
4373 13
4575 13
8362 13
3910 13
9659 13
5526 13
446 13
2705 13
2094 13
6661 13
5970 13
7201 13
3256 13
8608 13
1314 13
1361 13
6380 13
4275 13
5817 13
9578 13
3121 13
1400 13
9521 13
1988 13
8509 13
4509 13
9009 13
7234 13
6379 13
3886 13
6727 13
6491 13
8221 13
3162 13
3214 13
6469 13
110 13
8720 13
537 13
6779 13
1244 13
6365 13
7864 13
3872 13
7144 13
3774 13
