965 0
649 1
356 1
721 2
320 2
238 2
243 2
490 3
540 3
757 3
898 3
766 3
295 3
628 3
855 3
561 4
70 4
313 4
20 4
794 4
534 4
722 4
841 4
976 4
316 4
445 4
709 4
991 4
616 4
235 4
664 4
305 5
937 5
585 5
718 5
611 5
840 5
690 5
642 5
654 5
91 5
763 5
939 5
743 5
418 5
127 5
980 5
657 5
893 5
103 5
37 5
822 5
304 5
978 5
460 5
27 5
409 5
55 5
884 5
944 5
47 5
364 5
523 5
315 6
573 6
909 6
333 6
600 6
192 6
940 6
798 6
273 6
339 6
665 6
176 6
571 6
740 6
236 6
137 6
782 6
544 6
902 6
601 6
527 6
587 6
850 6
914 6
552 6
896 6
132 6
283 6
652 6
719 6
982 6
470 6
31 6
381 6
363 6
29 6
204 6
519 6
145 6
895 6
474 6
785 6
173 6
562 6
114 6
256 6
607 6
407 6
360 6
2 6
49 6
144 6
408 6
95 6
742 6
326 6
478 6
501 6
21 6
861 6
531 6
133 6
389 6
250 6
760 7
422 7
717 7
510 7
635 7
277 7
819 7
123 7
725 7
770 7
886 7
989 7
693 7
636 7
414 7
17 7
795 7
58 7
894 7
369 7
310 7
817 7
706 7
705 7
300 7
749 7
479 7
355 7
807 7
778 7
943 7
532 7
929 7
880 7
842 7
790 7
755 7
115 7
281 7
799 7
955 7
394 7
489 7
745 7
492 7
762 7
45 7
94 7
8 7
641 7
264 7
203 7
872 7
998 7
513 7
365 7
128 7
124 7
488 7
520 7
714 7
525 7
638 7
319 7
131 7
142 7
821 7
38 7
388 7
435 7
222 7
662 7
602 7
686 7
688 7
927 7
497 7
952 7
708 7
814 7
668 7
246 7
997 7
220 7
63 7
211 7
3 7
87 7
682 7
659 7
577 7
129 7
839 7
581 7
916 7
287 7
728 7
921 7
547 7
443 7
844 7
330 7
860 7
400 7
651 7
724 7
746 7
97 7
1000 7
221 7
504 7
332 7
622 7
675 7
88 7
661 7
141 7
667 7
882 7
756 7
164 7
432 7
119 7
166 7
848 7
925 7
845 7
996 7
347 8
971 8
791 8
802 8
773 8
359 8
803 8
985 8
306 8
382 8
605 8
201 8
346 8
669 8
234 8
922 8
975 8
712 8
945 8
739 8
946 8
232 8
462 8
317 8
157 8
309 8
162 8
507 8
911 8
856 8
263 8
165 8
444 8
461 8
808 8
158 8
196 8
677 8
517 8
112 8
412 8
455 8
312 8
792 8
454 8
948 8
251 8
161 8
416 8
427 8
526 8
833 8
410 8
499 8
227 8
639 8
703 8
349 8
105 8
919 8
608 8
14 8
887 8
772 8
702 8
486 8
199 8
345 8
837 8
139 8
775 8
248 8
370 8
223 8
967 8
337 8
938 8
244 8
270 8
960 8
498 8
420 8
518 8
815 8
594 8
0 8
584 8
864 8
424 8
56 8
152 8
439 8
528 8
828 8
774 8
546 8
198 8
846 8
579 8
69 8
299 8
645 8
469 8
290 8
148 8
801 8
875 8
334 8
599 8
85 8
767 8
494 8
205 8
357 8
968 8
707 8
786 8
859 8
475 8
171 8
354 8
438 8
958 8
109 8
89 8
350 8
788 8
843 8
477 8
826 8
429 8
206 8
816 8
180 8
466 8
417 8
812 8
589 8
52 8
666 8
296 8
876 8
550 8
748 8
559 8
395 8
493 8
495 8
252 8
86 8
482 8
735 8
680 8
920 8
568 8
697 8
800 8
71 8
874 8
67 8
804 8
516 8
787 8
912 8
36 8
456 8
18 8
210 8
450 8
289 8
752 8
25 8
397 8
61 8
451 8
195 8
150 8
674 8
343 8
543 8
241 8
977 8
302 8
378 8
43 8
184 8
506 8
951 8
207 8
629 8
143 8
46 8
906 8
984 8
862 8
442 8
564 8
74 8
81 8
30 8
754 8
509 8
660 8
431 8
824 8
485 8
179 8
569 8
159 8
327 8
362 8
751 8
353 8
780 8
405 8
40 8
973 8
249 8
684 8
809 8
992 8
491 8
512 8
634 8
197 8
367 8
118 8
175 8
113 8
753 8
53 8
993 8
325 8
468 8
28 8
640 8
942 8
117 8
838 8
954 8
566 8
66 8
259 8
972 8
294 8
386 8
271 8
308 8
185 8
885 8
879 8
658 8
396 8
371 8
953 8
269 8
393 9
219 9
783 9
768 9
926 9
392 9
551 9
852 9
956 9
402 9
262 9
447 9
423 9
168 9
747 9
873 9
990 9
713 9
870 9
480 9
572 9
586 9
934 9
892 9
374 9
329 9
694 9
411 9
182 9
810 9
663 9
928 9
104 9
769 9
558 9
177 9
673 9
618 9
881 9
867 9
202 9
592 9
301 9
776 9
385 9
483 9
413 9
481 9
878 9
421 9
731 9
384 9
276 9
194 9
156 9
851 9
245 9
272 9
761 9
146 9
373 9
390 9
710 9
496 9
899 9
521 9
988 9
79 9
352 9
279 9
964 9
542 9
556 9
72 9
186 9
560 9
108 9
974 9
877 9
910 9
957 9
331 9
683 9
595 9
458 9
261 9
153 9
24 9
503 9
78 9
704 9
208 9
672 9
590 9
39 9
163 9
931 9
999 9
51 9
467 9
404 9
834 9
626 9
376 9
981 9
689 9
500 9
621 9
900 9
260 9
563 9
514 9
247 9
907 9
65 9
597 9
83 9
620 9
700 9
606 9
901 9
436 9
836 9
854 9
375 9
598 9
214 9
777 9
869 9
391 9
437 9
448 9
691 9
68 9
676 9
711 9
932 9
33 9
379 9
225 9
307 9
541 9
578 9
741 9
228 9
632 9
102 9
979 9
348 9
987 9
764 9
293 9
154 9
539 9
99 9
983 9
361 9
82 9
48 9
472 9
670 9
398 9
866 9
135 9
463 9
4 9
576 9
612 9
530 9
340 9
567 9
253 9
631 9
505 9
328 9
125 9
188 9
126 9
805 9
62 9
160 9
401 9
793 9
187 9
853 9
403 9
23 9
399 9
502 9
138 9
533 9
265 9
715 9
428 9
446 9
524 9
216 9
765 9
917 9
818 9
593 9
285 9
637 9
258 9
42 9
696 9
604 9
323 9
80 9
406 9
147 9
557 9
771 9
849 9
633 9
871 9
941 9
457 9
687 9
685 9
84 9
624 9
383 9
215 9
13 9
155 9
549 9
575 9
555 9
950 9
591 9
522 9
377 9
100 9
737 9
625 9
829 9
90 9
73 9
10 9
933 9
426 9
903 9
19 9
230 9
905 9
464 9
614 9
314 9
823 9
923 9
54 9
515 9
237 9
368 9
727 9
233 9
692 9
588 9
758 9
200 9
863 9
947 9
419 9
986 9
915 9
681 9
789 9
291 9
883 9
218 9
106 9
239 9
224 9
698 9
134 9
50 9
213 9
582 9
610 9
92 9
130 9
172 9
779 9
646 9
536 9
784 9
820 9
1 9
574 9
229 9
452 9
630 9
338 9
868 9
110 9
835 9
120 9
267 9
5 9
617 9
122 9
41 9
695 9
813 9
832 9
6 9
613 9
888 9
298 9
831 9
336 9
806 9
284 9
918 9
949 9
440 9
275 9
255 9
60 9
35 9
286 9
671 9
415 9
111 9
22 9
738 9
656 9
723 9
380 9
913 9
358 9
825 9
580 9
891 9
830 9
231 9
254 9
583 9
537 9
76 9
183 9
781 9
465 9
322 9
729 9
77 9
321 9
648 9
344 9
865 9
324 9
679 9
178 9
565 9
476 9
335 9
596 9
34 9
750 9
969 9
342 9
226 9
318 9
351 9
303 9
847 9
511 9
487 9
433 9
970 9
75 9
857 9
716 9
217 9
904 9
372 9
449 9
280 9
212 9
292 9
733 9
889 9
191 9
545 9
366 9
282 9
190 9
643 9
736 9
268 9
170 9
553 9
548 9
93 9
11 9
678 9
615 9
484 9
759 9
644 9
924 9
535 9
936 9
827 9
730 9
193 9
797 9
529 9
181 9
12 9
101 9
209 9
311 9
240 9
425 9
609 9
189 9
653 9
242 9
16 9
908 9
441 9
935 9
554 9
174 9
169 9
995 9
811 9
140 9
647 9
167 9
744 9
44 9
59 9
962 9
623 9
15 9
699 9
341 9
966 9
961 9
98 9
116 9
890 9
136 9
701 9
994 9
508 9
257 9
151 9
288 9
32 9
603 9
619 9
274 9
297 9
627 9
387 9
26 9
107 9
471 9
430 9
963 9
473 9
858 9
538 9
796 9
650 9
720 9
655 9
278 9
453 9
959 9
459 9
96 9
734 9
149 9
930 9
726 9
64 9
266 9
732 9
57 9
9 9
7 9
570 9
897 9
121 9
434 9
